#Creator: pendulumviewEventBuffer
#Creation time: Wed Feb 22 15:33:09 2017
#Time A	Pos A	Time B	Pos B
#[s]	[au]	[s]	[au]
0.026	457	0.050	333
0.076	453	0.101	363
0.127	449	0.151	397
0.177	444	0.203	436
0.228	441	0.253	476
0.278	438	0.304	518
0.330	436	0.354	557
0.380	434	0.405	593
0.431	433	0.456	622
0.481	435	0.507	643
0.532	435	0.557	655
0.583	439	0.608	658
0.634	443	0.658	654
0.684	447	0.710	639
0.735	452	0.760	617
0.785	457	0.811	587
0.837	462	0.861	553
0.887	466	0.912	514
0.938	471	0.962	474
0.988	474	1.014	433
1.039	475	1.064	395
1.089	475	1.115	361
1.141	474	1.165	333
1.191	472	1.216	314
1.242	469	1.267	304
1.292	464	1.318	303
1.343	459	1.368	310
1.394	453	1.419	327
1.445	447	1.469	352
1.495	441	1.521	384
1.546	435	1.571	419
1.596	430	1.622	459
1.648	427	1.672	499
1.698	424	1.723	539
1.749	423	1.773	574
1.799	424	1.825	605
1.850	426	1.875	630
1.900	430	1.926	646
1.952	435	1.976	652
2.002	442	2.027	652
2.053	448	2.078	642
2.103	456	2.129	624
2.154	463	2.179	599
2.205	470	2.230	567
2.256	476	2.280	530
2.306	482	2.332	491
2.357	485	2.382	452
2.407	487	2.433	414
2.459	486	2.483	380
2.509	484	2.534	349
2.560	481	2.585	327
2.610	475	2.636	313
2.661	468	2.687	309
2.711	460	2.737	312
2.763	452	2.788	324
2.813	443	2.838	345
2.864	435	2.890	372
2.914	427	2.940	406
2.965	420	2.991	443
3.016	415	3.041	482
3.067	412	3.092	520
3.117	411	3.143	555
3.168	413	3.194	587
3.218	416	3.244	614
3.270	422	3.295	633
3.320	429	3.345	643
3.371	437	3.397	645
3.421	446	3.447	640
3.472	457	3.498	626
3.522	467	3.548	606
3.574	476	3.599	578
3.624	484	3.649	545
3.675	491	3.701	509
3.725	496	3.751	471
3.776	498	3.802	434
3.827	498	3.852	399
3.878	495	3.903	369
3.928	491	3.954	344
3.979	484	4.005	327
4.029	474	4.055	318
4.081	464	4.106	318
4.131	453	4.156	325
4.182	441	4.208	341
4.232	431	4.258	364
4.283	420	4.309	394
4.333	412	4.359	427
4.385	406	4.410	464
4.435	401	4.460	500
4.486	400	4.512	535
4.536	401	4.562	568
4.587	405	4.613	595
4.638	412	4.663	618
4.689	420	4.714	631
4.739	431	4.765	638
4.790	442	4.816	636
4.840	454	4.866	627
4.892	468	4.917	610
4.942	479	4.967	586
4.993	490	5.019	558
5.043	499	5.069	524
5.094	505	5.120	489
5.145	509	5.170	453
5.196	509	5.221	420
5.246	507	5.271	387
5.297	502	5.323	362
5.347	494	5.373	342
5.398	484	5.424	330
5.449	471	5.474	326
5.500	458	5.525	328
5.551	444	5.576	340
5.601	431	5.627	360
5.652	418	5.677	384
5.703	407	5.728	414
5.754	398	5.778	447
5.804	392	5.830	483
5.855	389	5.880	516
5.905	389	5.931	548
5.957	393	5.981	577
6.007	400	6.032	600
6.058	409	6.082	618
6.108	423	6.134	627
6.159	435	6.184	629
6.209	450	6.235	624
6.261	466	6.285	611
6.311	480	6.336	592
6.362	493	6.387	567
6.412	504	6.438	537
6.463	513	6.488	505
6.514	518	6.539	471
6.565	520	6.589	438
6.615	519	6.641	407
6.666	514	6.691	380
6.716	505	6.742	359
6.768	494	6.792	344
6.818	480	6.843	336
6.869	465	6.893	336
6.919	448	6.945	343
6.970	433	6.995	358
7.020	417	7.046	379
7.072	404	7.096	404
7.122	393	7.147	434
7.173	385	7.198	466
7.223	380	7.249	498
7.274	378	7.299	530
7.325	382	7.350	559
7.376	388	7.400	584
7.426	398	7.452	602
7.477	412	7.502	614
7.527	427	7.553	620
7.579	444	7.603	618
7.629	461	7.654	609
7.680	477	7.705	594
7.730	494	7.756	572
7.781	507	7.806	548
7.831	519	7.857	518
7.883	526	7.907	487
7.933	530	7.958	455
7.984	530	8.009	426
8.034	525	8.060	399
8.085	517	8.110	377
8.136	505	8.161	360
8.187	491	8.211	349
8.237	474	8.263	346
8.288	455	8.313	349
8.338	437	8.364	360
8.390	419	8.414	376
8.440	403	8.465	399
8.491	389	8.516	424
8.541	378	8.567	453
8.592	372	8.618	483
8.642	369	8.668	513
8.694	371	8.719	541
8.744	376	8.769	565
8.795	386	8.821	585
8.845	400	8.871	599
8.896	416	8.922	607
8.947	434	8.972	609
8.998	454	9.023	604
9.048	473	9.074	592
9.099	491	9.125	576
9.149	508	9.175	554
9.201	521	9.226	529
9.251	532	9.276	499
9.302	538	9.328	471
9.352	540	9.378	443
9.403	537	9.429	417
9.453	529	9.479	395
9.505	518	9.530	376
9.555	502	9.580	364
9.606	485	9.632	358
9.656	465	9.682	359
9.707	444	9.733	365
9.758	424	9.783	378
9.809	406	9.834	396
9.859	389	9.885	418
9.910	376	9.936	443
9.960	366	9.986	470
10.012	361	10.037	497
10.062	361	10.087	524
10.113	366	10.139	548
10.163	374	10.189	568
10.214	387	10.240	582
10.265	404	10.290	593
10.316	424	10.341	598
10.366	444	10.391	596
10.417	466	10.443	588
10.467	487	10.493	574
10.518	506	10.544	556
10.569	522	10.594	535
10.620	535	10.645	510
10.670	544	10.696	484
10.721	548	10.747	458
10.771	547	10.797	434
10.823	541	10.848	412
10.873	530	10.898	394
10.924	514	10.950	381
10.974	496	11.000	371
11.025	476	11.051	370
11.076	453	11.101	374
11.127	432	11.152	382
11.177	411	11.202	397
11.228	392	11.254	415
11.278	375	11.304	437
11.329	363	11.355	460
11.380	356	11.405	485
11.431	353	11.456	509
11.482	356	11.507	531
11.532	363	11.558	551
11.583	376	11.608	567
11.634	392	11.659	578
11.685	412	11.709	584
11.735	434	11.761	585
11.786	457	11.811	581
11.836	479	11.862	570
11.888	501	11.912	556
11.938	520	11.963	538
11.989	536	12.013	517
12.039	547	12.065	494
12.090	554	12.115	471
12.140	555	12.166	449
12.192	551	12.216	428
12.242	541	12.267	411
12.293	527	12.318	397
12.343	509	12.369	388
12.394	488	12.419	383
12.445	465	12.470	384
12.496	441	12.520	390
12.546	418	12.572	401
12.597	396	12.622	416
12.647	378	12.673	433
12.699	363	12.723	454
12.749	352	12.774	474
12.800	347	12.825	497
12.850	347	12.876	517
12.901	352	12.926	535
12.951	363	12.977	550
13.003	379	13.027	562
13.053	399	13.078	569
13.104	421	13.129	572
13.154	445	13.180	570
13.205	469	13.230	563
13.256	493	13.281	552
13.307	516	13.331	538
13.357	534	13.383	521
13.408	548	13.433	502
13.458	557	13.484	482
13.510	562	13.534	462
13.560	559	13.585	443
13.611	552	13.636	427
13.661	539	13.687	414
13.712	522	13.737	404
13.762	501	13.788	398
13.814	477	13.838	396
13.864	452	13.889	400
13.915	427	13.940	408
13.965	403	13.991	418
14.016	381	14.041	433
14.067	364	14.092	449
14.118	351	14.142	467
14.168	342	14.194	486
14.219	342	14.244	504
14.269	344	14.295	521
14.321	353	14.345	535
14.371	368	14.396	547
14.422	387	14.447	555
14.472	409	14.498	558
14.523	433	14.549	559
14.573	459	14.599	554
14.625	485	14.650	546
14.675	507	14.700	535
14.726	529	14.752	521
14.776	546	14.802	506
14.827	559	14.853	489
14.878	565	14.903	471
14.929	566	14.954	456
14.979	561	15.005	441
15.030	549	15.056	429
15.080	533	15.106	419
15.132	513	15.157	412
15.182	490	15.207	410
15.233	464	15.259	411
15.283	438	15.309	417
15.334	413	15.360	424
15.385	389	15.410	436
15.436	368	15.461	449
15.486	353	15.511	464
15.537	342	15.563	480
15.587	337	15.613	495
15.638	338	15.664	510
15.689	345	15.714	522
15.740	357	15.765	533
15.790	374	15.816	540
15.841	396	15.867	544
15.891	419	15.917	545
15.943	446	15.968	543
15.993	472	16.018	537
16.044	498	16.070	529
16.094	522	16.120	518
16.145	541	16.171	506
16.196	557	16.221	492
16.247	567	16.272	478
16.297	570	16.322	464
16.348	568	16.374	452
16.398	559	16.424	442
16.449	545	16.475	432
16.500	526	16.525	427
16.551	503	16.576	424
16.601	478	16.627	425
16.652	450	16.678	428
16.702	424	16.728	434
16.754	398	16.779	441
16.804	375	16.829	452
16.855	357	16.881	463
16.905	343	16.931	476
16.956	335	16.982	488
17.007	333	17.032	500
17.058	337	17.083	510
17.108	347	17.133	519
17.159	363	17.185	526
17.209	384	17.235	530
17.260	407	17.286	531
17.311	433	17.336	529
17.362	461	17.387	526
17.412	488	17.438	520
17.463	513	17.489	513
17.513	535	17.539	503
17.565	553	17.590	493
17.615	565	17.640	482
17.666	573	17.692	471
17.716	572	17.742	462
17.767	567	17.793	453
17.818	555	17.843	447
17.869	537	17.894	441
17.919	516	17.945	439
17.970	490	17.996	438
18.020	464	18.046	441
18.071	435	18.097	445
18.122	409	18.147	450
18.173	385	18.198	457
18.224	363	18.249	467
18.274	347	18.300	475
18.325	336	18.350	484
18.376	331	18.401	493
18.427	332	18.451	501
18.477	339	18.503	508
18.528	353	18.553	512
18.578	372	18.604	516
18.630	395	18.654	517
18.680	420	18.705	517
18.731	447	18.756	514
18.781	475	18.807	510
18.832	502	18.857	504
18.882	527	18.908	498
18.934	546	18.958	490
18.984	561	19.009	483
19.035	571	19.060	475
19.085	575	19.111	468
19.136	572	19.161	462
19.187	562	19.212	457
19.238	547	19.262	453
19.288	527	19.314	452
19.339	503	19.364	452
19.389	477	19.415	453
19.441	449	19.465	457
19.491	422	19.516	461
19.542	396	19.567	466
19.592	372	19.618	471
19.643	353	19.668	478
19.693	340	19.719	484
19.745	332	19.769	490
19.795	330	19.820	494
19.846	334	19.871	499
19.896	345	19.922	502
19.947	361	19.972	504
19.998	383	20.023	505
20.049	407	20.073	503
20.099	434	20.125	501
20.150	462	20.175	498
20.200	489	20.226	494
20.252	514	20.276	490
20.302	538	20.327	485
20.353	555	20.378	480
20.403	567	20.429	475
20.454	574	20.479	472
20.505	575	20.530	468
20.556	568	20.580	466
20.606	556	20.631	465
20.657	538	20.682	464
20.707	516	20.733	465
20.758	490	20.783	467
20.809	463	20.834	470
20.860	435	20.884	472
20.910	408	20.936	476
20.961	383	20.986	479
21.011	362	21.037	483
21.063	345	21.087	486
21.113	335	21.138	489
21.164	330	21.189	492
21.214	332	21.240	492
21.265	340	21.291	494
21.316	354	21.341	493
21.367	372	21.392	492
21.417	395	21.442	490
21.468	421	21.494	489
21.518	449	21.544	486
21.569	476	21.595	483
21.620	503	21.645	480
21.671	527	21.696	478
21.721	547	21.747	476
21.772	562	21.798	474
21.822	571	21.848	472
21.874	575	21.899	472
21.924	571	21.949	473
21.975	561	22.001	473
22.025	546	22.051	474
22.076	527	22.102	477
22.127	502	22.152	480
22.178	476	22.203	481
22.228	448	22.253	485
22.279	421	22.305	487
22.329	395	22.355	488
22.380	372	22.406	490
22.431	353	22.456	491
22.482	340	22.507	491
22.532	333	22.558	490
22.583	332	22.609	489
22.633	336	22.659	487
22.685	347	22.710	484
22.735	364	22.760	482
22.786	384	22.812	479
22.836	409	22.862	476
22.887	435	22.913	474
22.938	463	22.963	471
22.989	490	23.014	470
23.039	515	23.065	469
23.090	537	23.116	468
23.140	554	23.166	469
23.191	566	23.217	471
23.242	572	23.267	473
23.293	572	23.318	475
23.343	565	23.369	479
23.394	553	23.420	483
23.444	536	23.470	487
23.496	514	23.521	490
23.546	489	23.571	493
23.597	462	23.623	495
23.647	434	23.673	497
23.698	408	23.724	499
23.749	384	23.774	498
23.800	363	23.825	497
23.850	349	23.876	495
23.901	338	23.927	493
23.951	333	23.977	488
24.002	335	24.028	484
24.053	343	24.078	479
24.104	356	24.129	474
24.154	375	24.180	470
24.205	397	24.231	466
24.255	422	24.281	462
24.307	450	24.332	461
24.357	476	24.382	459
24.408	502	24.434	459
24.458	525	24.484	459
24.509	544	24.535	463
24.560	559	24.585	467
24.611	567	24.636	472
24.661	571	24.687	477
24.712	568	24.738	483
24.762	558	24.788	489
24.813	543	24.839	494
24.864	522	24.889	499
24.915	500	24.940	503
24.965	474	24.991	506
25.016	447	25.042	508
25.066	421	25.092	509
25.118	396	25.143	507
25.168	375	25.193	505
25.219	357	25.245	501
25.269	345	25.295	496
25.320	338	25.346	489
25.371	337	25.396	483
25.422	342	25.447	476
25.472	352	25.498	468
25.523	368	25.549	463
25.573	388	25.599	457
25.625	412	25.650	453
25.675	437	25.700	450
25.726	463	25.751	449
25.776	489	25.802	449
25.827	513	25.853	451
25.877	533	25.903	455
25.929	550	25.954	461
25.979	560	26.004	467
26.030	566	26.056	475
26.080	566	26.106	483
26.131	559	26.157	491
26.182	547	26.207	499
26.233	531	26.258	506
26.283	510	26.309	512
26.334	486	26.360	516
26.384	460	26.410	519
26.436	435	26.461	519
26.486	409	26.511	518
26.537	387	26.562	515
26.587	367	26.613	509
26.638	354	26.664	502
26.688	344	26.714	494
26.740	340	26.765	485
26.790	342	26.815	475
26.841	349	26.867	466
26.891	362	26.917	458
26.942	381	26.968	450
26.993	402	27.018	444
27.044	425	27.069	440
27.094	451	27.120	438
27.145	475	27.171	438
27.195	500	27.221	441
27.247	521	27.272	446
27.297	538	27.322	451
27.348	551	27.373	461
27.398	560	27.424	470
27.449	562	27.475	481
27.499	559	27.525	492
27.551	550	27.576	502
27.601	536	27.626	511
27.652	518	27.678	519
27.702	496	27.728	525
27.753	472	27.779	529
27.804	448	27.829	531
27.855	423	27.880	529
27.905	400	27.931	525
27.956	380	27.982	519
28.006	364	28.032	511
28.058	352	28.083	500
28.108	346	28.133	490
28.159	345	28.185	477
28.209	351	28.235	466
28.260	360	28.286	454
28.310	375	28.336	445
28.362	393	28.387	437
28.412	415	28.437	431
28.463	440	28.489	428
28.513	463	28.539	428
28.564	487	28.590	430
28.615	509	28.640	435
28.666	527	28.691	443
28.716	542	28.742	453
28.767	552	28.793	464
28.817	557	28.843	476
28.869	555	28.894	489
28.919	550	28.944	502
28.970	539	28.996	514
29.020	523	29.046	524
29.071	504	29.097	532
29.121	482	29.147	538
29.173	460	29.198	540
29.223	435	29.248	539
29.274	413	29.300	536
29.324	392	29.350	529
29.375	376	29.401	520
29.426	363	29.451	509
29.477	354	29.502	496
29.527	350	29.553	483
29.578	353	29.604	468
29.628	360	29.654	454
29.680	372	29.705	442
29.730	388	29.755	433
29.781	407	29.807	424
29.831	429	29.857	419
29.882	451	29.908	417
29.932	473	29.958	419
29.984	496	30.009	424
30.034	514	30.059	432
30.085	530	30.111	444
30.135	542	30.161	455
30.186	549	30.212	470
30.238	551	30.262	485
30.288	547	30.313	500
30.339	540	30.364	514
30.389	527	30.415	527
30.440	510	30.465	537
30.491	491	30.516	544
30.542	469	30.566	548
30.592	447	30.618	549
30.643	425	30.668	545
30.693	405	30.719	540
30.745	388	30.769	530
30.795	373	30.820	519
30.846	363	30.870	504
30.896	358	30.922	489
30.947	357	30.972	473
30.997	361	31.023	457
31.049	371	31.073	442
31.099	384	31.124	429
31.150	400	31.175	420
31.200	419	31.226	413
31.251	441	31.276	409
31.302	462	31.327	410
31.353	483	31.377	413
31.403	502	31.429	421
31.454	518	31.479	432
31.504	531	31.530	446
31.556	540	31.580	461
31.606	544	31.631	479
31.657	543	31.681	495
31.707	538	31.733	512
31.758	527	31.783	526
31.808	514	31.834	539
31.860	497	31.884	549
31.910	478	31.935	555
31.961	457	31.986	558
32.011	438	32.037	556
32.062	418	32.087	551
32.113	400	32.138	541
32.164	385	32.188	529
32.214	374	32.240	514
32.265	367	32.290	498
32.315	364	32.341	479
32.367	366	32.391	462
32.417	372	32.442	445
32.468	383	32.492	429
32.518	397	32.544	417
32.569	414	32.594	408
32.619	432	32.645	402
32.671	452	32.695	401
32.721	472	32.746	403
32.772	489	32.797	411
32.822	506	32.848	421
32.873	519	32.898	435
32.924	529	32.949	451
32.975	535	32.999	469
33.025	536	33.051	488
33.076	534	33.101	506
33.126	526	33.152	525
33.178	515	33.202	539
33.228	501	33.253	552
33.279	484	33.303	561
33.329	466	33.355	566
33.380	447	33.406	565
33.430	429	33.456	561
33.482	412	33.507	552
33.532	397	33.557	541
33.583	384	33.609	525
33.633	377	33.659	507
33.684	372	33.710	488
33.735	372	33.760	468
33.786	376	33.811	449
33.836	383	33.862	432
33.887	395	33.913	417
33.937	410	33.963	405
33.989	426	34.014	398
34.039	444	34.064	393
34.090	462	34.116	395
34.140	479	34.166	400
34.191	494	34.217	409
34.241	508	34.267	423
34.293	519	34.318	440
34.343	526	34.368	460
34.394	529	34.420	479
34.444	528	34.470	500
34.495	523	34.521	519
34.546	514	34.571	537
34.597	502	34.622	551
34.647	489	34.673	563
34.698	473	34.724	570
34.748	456	34.774	573
34.800	439	34.825	570
34.850	423	34.875	563
34.901	408	34.927	551
34.951	397	34.977	538
35.002	387	35.028	519
35.052	382	35.078	499
35.104	380	35.129	478
35.154	382	35.179	456
35.205	387	35.231	437
35.255	396	35.281	419
35.306	407	35.332	405
35.357	421	35.382	394
35.408	436	35.433	388
35.458	452	35.484	386
35.509	468	35.535	391
35.559	483	35.585	398
35.611	496	35.636	412
35.661	506	35.686	428
35.712	515	35.738	448
35.762	520	35.788	468
35.813	520	35.839	491
35.863	517	35.889	512
35.915	511	35.940	533
35.965	502	35.990	549
36.016	491	36.042	563
36.066	478	36.092	573
36.117	463	36.143	577
36.168	448	36.193	577
36.219	433	36.244	573
36.269	420	36.295	562
36.320	408	36.346	548
36.370	399	36.396	531
36.422	391	36.447	510
36.472	388	36.497	488
36.523	389	36.549	465
36.573	392	36.599	443
36.624	398	36.650	423
36.674	407	36.700	407
36.726	419	36.751	393
36.776	432	36.801	385
36.827	445	36.853	381
36.877	460	36.903	383
36.928	473	36.954	390
36.979	485	37.004	401
37.030	496	37.055	417
37.081	504	37.106	436
37.131	509	37.157	458
37.182	512	37.207	480
37.233	511	37.258	504
37.284	506	37.308	525
37.334	500	37.360	545
37.385	491	37.410	561
37.435	479	37.461	574
37.487	467	37.511	581
37.537	454	37.562	583
37.588	441	37.612	580
37.638	429	37.664	572
37.689	418	37.714	558
37.739	409	37.765	542
37.791	402	37.815	522
37.841	398	37.866	499
37.892	397	37.917	476
37.942	399	37.968	453
37.993	403	38.018	431
38.044	410	38.069	411
38.095	419	38.119	396
38.145	430	38.171	384
38.196	441	38.221	378
38.246	453	38.272	377
38.298	465	38.322	382
38.348	476	38.373	391
38.399	485	38.423	406
38.449	494	38.475	424
38.500	498	38.525	446
38.550	501	38.576	469
38.602	502	38.626	493
38.652	499	38.677	516
38.703	495	38.728	538
38.753	488	38.779	557
38.804	479	38.829	571
38.855	470	38.880	582
38.906	459	38.930	586
38.956	448	38.982	585
39.007	437	39.032	580
39.057	428	39.083	569
39.109	419	39.133	554
39.159	413	39.184	534
39.210	408	39.234	511
39.260	406	39.286	488
39.311	406	39.336	463
39.361	409	39.387	439
39.413	414	39.437	418
39.463	421	39.488	400
39.514	429	39.539	387
39.564	438	39.590	377
39.615	448	39.640	374
39.666	458	39.691	375
39.717	468	39.741	383
39.767	476	39.793	396
39.818	483	39.843	413
39.868	488	39.894	434
39.920	492	39.944	457
39.970	494	39.995	482
40.021	492	40.045	506
40.071	489	40.097	530
40.122	484	40.148	550
40.172	477	40.198	568
40.224	469	40.249	579
40.274	461	40.299	587
40.325	452	40.351	590
40.375	443	40.401	586
40.426	435	40.452	577
40.477	428	40.502	563
40.528	422	40.553	546
40.578	418	40.604	524
40.629	415	40.655	500
40.679	415	40.705	475
40.731	417	40.756	450
40.781	419	40.806	427
40.832	424	40.858	407
40.882	431	40.908	390
40.933	438	40.959	379
40.983	446	41.009	372
41.035	453	41.060	371
41.085	461	41.110	377
41.136	468	41.162	387
41.186	474	41.212	403
41.237	479	41.263	423
41.288	482	41.313	445
41.339	483	41.364	469
41.389	483	41.415	495
41.440	481	41.466	519
41.490	478	41.516	541
41.542	473	41.567	561
41.592	467	41.617	576
41.643	461	41.669	586
41.693	454	41.719	591
41.744	447	41.770	590
41.794	441	41.820	584
41.846	435	41.871	571
41.896	431	41.921	555
41.947	427	41.973	535
41.997	425	42.023	512
42.048	424	42.074	486
42.099	425	42.124	462
42.150	427	42.175	438
42.200	430	42.226	415
42.251	435	42.277	397
42.301	439	42.327	382
42.353	445	42.378	373
42.403	450	42.428	370
42.454	456	42.480	372
42.504	461	42.530	379
42.555	466	42.581	394
42.605	469	42.631	412
42.657	472	42.682	433
42.707	473	42.732	457
42.758	474	42.784	482
42.808	472	42.834	508
42.859	470	42.885	531
42.910	467	42.935	553
42.961	464	42.986	570
43.011	459	43.037	583
43.062	455	43.088	590
43.112	450	43.138	592
43.164	446	43.189	588
43.214	441	43.239	579
43.265	438	43.291	564
43.315	436	43.341	546
43.366	434	43.392	523
43.417	433	43.442	499
43.468	434	43.493	473
43.518	435	43.543	449
43.569	437	43.595	425
43.619	440	43.645	405
43.670	443	43.696	389
43.721	447	43.746	377
43.772	450	43.797	371
43.822	454	43.848	370
43.873	457	43.899	376
43.923	460	43.949	387
43.975	462	44.000	403
44.025	464	44.050	422
44.076	464	44.102	445
44.126	464	44.152	470
44.177	463	44.203	495
44.228	462	44.253	519
44.279	460	44.304	543
44.329	457	44.354	561
44.380	455	44.406	577
44.430	452	44.456	587
44.481	449	44.507	592
44.532	447	44.557	590
44.583	445	44.608	583
44.634	443	44.659	572
44.684	442	44.710	554
44.735	442	44.760	534
44.786	442	44.811	511
44.837	442	44.861	487
44.887	443	44.913	461
44.938	444	44.963	437
44.988	447	45.014	415
45.040	448	45.064	397
45.090	450	45.115	383
45.141	452	45.165	374
45.191	453	45.217	370
45.242	455	45.267	373
45.292	455	45.318	381
45.344	455	45.368	395
45.394	455	45.419	412
45.445	455	45.470	434
45.495	454	45.521	458
45.546	454	45.571	483
45.597	452	45.622	508
45.648	452	45.672	531
45.698	450	45.724	552
45.749	450	45.774	569
45.799	449	45.825	581
45.851	448	45.875	588
45.901	448	45.926	589
45.952	447	45.977	586
46.002	448	46.028	577
46.053	448	46.078	563
46.103	448	46.129	544
46.155	450	46.179	522
46.205	450	46.230	498
46.256	451	46.281	473
46.306	452	46.332	448
46.357	453	46.382	427
46.408	454	46.433	406
46.459	454	46.483	390
46.509	453	46.535	379
46.560	453	46.585	373
46.610	453	46.636	372
46.662	452	46.686	378
46.712	451	46.737	389
46.763	450	46.788	405
46.813	449	46.839	425
46.864	447	46.889	447
46.914	446	46.940	471
46.966	445	46.990	496
47.016	444	47.041	519
47.067	443	47.092	541
47.117	444	47.143	560
47.168	444	47.193	574
47.219	444	47.244	584
47.270	446	47.294	588
47.320	447	47.346	586
47.371	450	47.396	580
47.421	451	47.447	568
47.473	454	47.497	552
47.523	456	47.548	532
47.574	457	47.599	509
47.624	459	47.650	485
47.675	460	47.701	461
47.725	460	47.751	438
47.777	460	47.802	417
47.827	459	47.852	400
47.878	458	47.904	387
47.928	456	47.954	378
47.979	453	48.005	375
48.030	450	48.055	378
48.081	448	48.106	386
48.131	445	48.157	400
48.182	443	48.208	417
48.232	440	48.258	437
48.284	438	48.309	460
48.334	437	48.359	483
48.385	436	48.411	508
48.435	436	48.461	530
48.486	437	48.512	549
48.537	438	48.562	565
48.588	440	48.613	577
48.638	443	48.663	584
48.689	446	48.715	584
48.739	450	48.765	581
48.790	453	48.816	571
48.841	457	48.866	557
48.892	461	48.917	541
48.942	463	48.968	519
48.993	464	49.019	497
49.043	467	49.069	473
49.095	467	49.120	450
49.145	467	49.170	429
49.196	464	49.222	410
49.246	463	49.272	395
49.297	460	49.323	386
49.348	456	49.373	379
49.399	452	49.424	379
49.449	448	49.474	385
49.500	443	49.526	396
49.550	439	49.576	410
49.601	435	49.627	429
49.652	432	49.677	449
49.703	430	49.728	472
49.753	429	49.779	495
49.804	428	49.830	518
49.854	430	49.880	538
49.906	432	49.931	555
49.956	435	49.981	568
50.007	439	50.033	577
50.057	444	50.083	581
50.108	449	50.134	580
50.159	454	50.184	572
50.210	459	50.235	562
50.260	464	50.285	546
50.311	467	50.337	528
50.361	471	50.387	507
50.412	472	50.438	484
50.463	474	50.488	462
50.514	473	50.539	441
50.564	472	50.590	422
50.615	469	50.641	405
50.665	465	50.691	393
50.717	460	50.742	386
50.767	455	50.792	383
50.818	449	50.844	386
50.868	442	50.894	393
50.919	437	50.945	406
50.970	432	50.995	422
51.021	427	51.046	441
51.071	424	51.097	462
51.122	422	51.148	484
51.172	422	51.198	506
51.223	422	51.249	526
51.274	425	51.299	544
51.325	429	51.350	558
51.376	433	51.401	569
51.426	439	51.452	575
51.477	445	51.502	577
51.528	452	51.553	572
51.579	459	51.603	565
51.629	465	51.655	551
51.680	471	51.705	535
51.730	475	51.756	516
51.782	478	51.806	495
51.832	480	51.857	473
51.883	480	51.908	452
51.933	479	51.959	433
51.984	476	52.009	416
52.034	471	52.060	403
52.086	465	52.110	394
52.136	458	52.161	389
52.187	452	52.212	389
52.237	444	52.263	395
52.288	437	52.313	404
52.339	429	52.364	418
52.390	423	52.414	433
52.440	419	52.466	452
52.491	415	52.516	473
52.541	414	52.567	495
52.593	415	52.617	514
52.643	417	52.668	532
52.694	421	52.719	548
52.744	427	52.770	559
52.795	434	52.820	568
52.845	441	52.871	571
52.897	449	52.921	569
52.947	458	52.972	563
52.998	466	53.023	554
53.048	473	53.074	539
53.099	479	53.124	523
53.150	483	53.175	504
53.201	486	53.225	485
53.251	487	53.277	464
53.302	486	53.327	445
53.352	483	53.378	428
53.404	478	53.428	414
53.454	471	53.479	403
53.505	465	53.530	395
53.555	455	53.581	395
53.606	446	53.631	397
53.657	437	53.682	404
53.708	429	53.732	415
53.758	422	53.783	430
53.809	416	53.834	446
53.859	412	53.885	465
53.910	408	53.935	484
53.961	408	53.986	503
54.012	410	54.036	521
54.062	414	54.088	537
54.113	420	54.138	549
54.163	427	54.189	559
54.215	436	54.239	564
54.265	445	54.290	564
54.316	454	54.341	562
54.366	464	54.392	554
54.417	473	54.443	543
54.468	480	54.493	528
54.519	486	54.544	512
54.569	490	54.594	493
54.620	493	54.646	474
54.670	492	54.696	456
54.721	490	54.747	439
54.772	485	54.797	425
54.823	478	54.848	413
54.873	470	54.899	405
54.924	461	54.950	400
54.974	450	55.000	400
55.026	440	55.051	406
55.076	430	55.101	414
55.127	421	55.153	426
55.177	414	55.203	441
55.228	408	55.254	457
55.279	404	55.304	475
55.330	403	55.355	493
55.380	404	55.405	511
55.431	407	55.457	526
55.481	412	55.507	539
55.532	420	55.558	550
55.583	429	55.608	556
55.634	438	55.659	558
55.684	450	55.710	557
55.735	461	55.761	552
55.785	471	55.811	543
55.837	480	55.862	531
55.887	488	55.912	516
55.938	494	55.964	501
55.988	497	56.014	483
56.039	498	56.065	466
56.090	496	56.115	450
56.141	492	56.166	436
56.191	485	56.217	423
56.242	477	56.268	415
56.292	467	56.318	409
56.343	456	56.369	407
56.394	445	56.419	410
56.445	434	56.470	416
56.495	423	56.521	426
56.546	413	56.572	438
56.596	407	56.622	452
56.648	401	56.673	467
56.698	398	56.723	484
56.749	398	56.775	500
56.799	400	56.825	516
56.850	406	56.876	529
56.901	413	56.926	540
56.952	422	56.977	546
57.002	433	57.028	551
57.053	445	57.079	552
57.103	457	57.129	547
57.154	468	57.180	542
57.205	479	57.230	532
57.256	488	57.281	520
57.306	496	57.332	506
57.357	500	57.383	490
57.407	502	57.433	475
57.459	502	57.484	460
57.509	498	57.534	445
57.560	492	57.586	434
57.610	484	57.636	424
57.661	473	57.687	418
57.712	462	57.737	415
57.763	449	57.788	415
57.813	437	57.839	419
57.864	426	57.890	427
57.914	415	57.940	437
57.965	406	57.991	449
58.016	399	58.041	463
58.067	395	58.092	477
58.117	394	58.143	492
58.168	394	58.194	506
58.218	399	58.244	519
58.270	406	58.295	529
58.320	415	58.345	538
58.371	426	58.397	542
58.421	437	58.447	544
58.472	450	58.498	543
58.523	463	58.548	539
58.574	476	58.599	531
58.624	486	58.650	521
58.675	495	58.701	510
58.725	502	58.751	496
58.777	505	58.802	483
58.827	506	58.852	468
58.878	505	58.903	456
58.928	499	58.954	444
58.979	491	59.005	435
59.029	481	59.055	428
59.081	469	59.106	423
59.131	457	59.156	423
59.182	443	59.208	425
59.232	430	59.258	430
59.283	418	59.309	437
59.334	407	59.359	447
59.385	398	59.410	459
59.435	393	59.461	471
59.486	389	59.512	484
59.536	389	59.562	497
59.588	393	59.613	509
59.638	399	59.663	519
59.689	408	59.714	527
59.739	418	59.765	533
59.790	431	59.816	536
59.840	444	59.866	536
59.892	458	59.917	533
59.942	471	59.967	528
59.993	484	60.019	521
60.043	494	60.069	510
60.094	502	60.120	500
60.145	508	60.170	488
60.196	510	60.221	475
60.246	509	60.272	464
60.297	505	60.323	454
60.347	498	60.373	444
60.399	488	60.424	437
60.449	477	60.474	433
60.500	464	60.525	431
60.550	450	60.576	432
60.601	436	60.627	434
60.651	422	60.677	440
60.703	410	60.728	447
60.753	400	60.778	457
60.804	393	60.830	467
60.854	387	60.880	479
60.905	387	60.931	490
60.956	388	60.981	500
61.007	392	61.032	510
61.057	401	61.083	518
61.108	411	61.134	524
61.158	423	61.184	527
61.210	436	61.235	528
61.260	451	61.285	527
61.311	465	61.337	523
61.361	478	61.387	518
61.412	491	61.438	511
61.462	501	61.488	501
61.514	509	61.539	491
61.564	511	61.589	481
61.615	512	61.641	471
61.665	510	61.691	461
61.716	504	61.742	453
61.767	495	61.792	447
61.818	484	61.843	442
61.868	471	61.894	439
61.919	457	61.945	439
61.969	442	61.995	440
62.021	427	62.046	445
62.071	414	62.096	450
62.122	402	62.148	457
62.172	394	62.198	466
62.223	387	62.249	475
62.273	384	62.299	485
62.325	384	62.350	494
62.375	387	62.400	501
62.426	394	62.452	509
62.476	404	62.502	514
62.527	416	62.553	518
62.578	430	62.603	520
62.629	444	62.654	520
62.679	459	62.705	518
62.730	474	62.756	513
62.780	487	62.806	509
62.832	499	62.857	501
62.882	507	62.907	493
62.933	512	62.959	484
62.983	515	63.009	476
63.034	514	63.060	468
63.084	509	63.110	461
63.136	501	63.161	455
63.186	491	63.211	450
63.237	478	63.263	448
63.287	464	63.313	446
63.338	449	63.364	448
63.389	434	63.414	450
63.440	420	63.465	454
63.490	406	63.516	459
63.541	396	63.567	465
63.591	388	63.617	473
63.643	383	63.668	480
63.693	382	63.718	488
63.744	384	63.770	496
63.794	390	63.820	502
63.845	399	63.871	507
63.895	410	63.921	510
63.947	423	63.972	513
63.998	438	64.022	513
64.048	453	64.074	512
64.099	468	64.124	509
64.149	481	64.175	504
64.201	495	64.225	499
64.251	504	64.276	494
64.302	511	64.327	487
64.352	515	64.378	480
64.403	516	64.428	474
64.454	513	64.479	468
64.505	507	64.529	463
64.555	497	64.581	458
64.606	485	64.631	455
64.656	472	64.682	454
64.708	457	64.732	455
64.758	441	64.783	457
64.809	426	64.833	459
64.859	412	64.885	464
64.910	400	64.935	468
64.960	391	64.986	474
65.012	384	65.036	479
65.062	382	65.087	485
65.113	382	65.138	491
65.163	386	65.189	495
65.214	393	65.239	499
65.265	403	65.290	502
65.316	415	65.340	503
65.366	429	65.392	504
65.417	445	65.442	504
65.467	460	65.493	502
65.519	476	65.543	500
65.569	489	65.594	496
65.620	501	65.644	492
65.670	510	65.696	487
65.721	516	65.746	483
65.771	518	65.797	477
65.823	517	65.847	473
65.873	511	65.898	470
65.924	503	65.949	467
65.974	492	66.000	464
66.025	478	66.050	464
66.076	463	66.101	463
66.127	448	66.151	464
66.177	433	66.203	466
66.228	417	66.253	468
66.278	405	66.304	472
66.330	394	66.354	475
66.380	386	66.405	479
66.431	381	66.455	482
66.481	380	66.507	487
66.532	383	66.557	490
66.582	388	66.608	493
66.634	398	66.658	495
66.684	410	66.709	495
66.735	423	66.760	496
66.785	438	66.811	496
66.836	454	66.861	494
66.887	469	66.912	493
66.938	483	66.963	491
66.988	496	67.014	488
67.039	506	67.065	485
67.089	513	67.115	482
67.141	518	67.166	480
67.191	517	67.216	477
67.242	514	67.268	476
67.292	507	67.318	473
67.343	497	67.369	472
67.393	485	67.419	472
67.445	471	67.470	471
67.495	455	67.520	472
67.546	440	67.572	473
67.596	425	67.622	475
67.647	411	67.673	477
67.698	399	67.723	478
67.749	390	67.774	481
67.799	384	67.825	483
67.850	381	67.876	484
67.900	381	67.926	486
67.952	386	67.977	487
68.002	393	68.027	488
68.053	404	68.079	487
68.103	417	68.129	489
68.154	431	68.180	487
68.204	446	68.230	486
68.256	461	68.281	485
68.306	476	68.331	485
68.357	490	68.383	483
68.407	502	68.433	482
68.458	510	68.484	481
68.509	516	68.534	479
68.560	517	68.585	478
68.610	515	68.636	478
68.661	510	68.687	479
68.711	502	68.737	479
68.763	491	68.788	479
68.813	478	68.838	479
68.864	463	68.890	480
68.914	448	68.940	480
68.965	432	68.991	481
69.015	418	69.041	482
69.067	405	69.092	483
69.117	395	69.142	484
69.168	387	69.194	484
69.218	383	69.244	484
69.269	381	69.295	484
69.320	384	69.345	484
69.371	390	69.396	483
69.421	399	69.447	482
69.472	410	69.498	480
69.522	423	69.548	480
69.574	438	69.599	479
69.624	454	69.649	479
69.675	469	69.701	478
69.725	484	69.751	478
69.776	495	69.802	477
69.826	506	69.852	478
69.878	512	69.903	479
69.928	516	69.953	480
69.979	517	70.005	481
70.029	512	70.055	482
70.080	507	70.106	483
70.131	496	70.156	484
70.182	483	70.207	486
70.233	470	70.258	487
70.283	455	70.309	487
70.334	440	70.359	488
70.385	425	70.410	489
70.436	412	70.460	487
70.486	400	70.512	487
70.537	391	70.562	486
70.587	386	70.613	485
70.639	382	70.663	483
70.689	384	70.714	480
70.740	388	70.764	479
70.790	396	70.816	477
70.841	407	70.866	476
70.891	419	70.917	474
70.943	433	70.967	473
70.993	447	71.018	473
71.044	463	71.069	472
71.094	477	71.120	473
71.145	489	71.170	473
71.196	499	71.221	474
71.247	507	71.271	478
71.297	512	71.323	479
71.348	514	71.373	481
71.398	513	71.424	484
71.450	507	71.474	487
71.500	500	71.525	489
71.551	490	71.575	490
71.601	476	71.627	492
71.652	462	71.677	493
71.702	447	71.728	495
71.754	434	71.778	494
71.804	420	71.829	493
71.855	407	71.880	491
71.905	398	71.931	490
71.956	390	71.981	487
72.007	386	72.032	484
72.058	385	72.082	480
72.108	387	72.134	478
72.159	393	72.184	475
72.209	402	72.235	471
72.261	413	72.285	470
72.311	426	72.336	467
72.362	440	72.386	467
72.412	455	72.438	466
72.463	468	72.488	467
72.513	481	72.539	468
72.565	493	72.589	471
72.615	504	72.640	474
72.666	509	72.691	478
72.716	513	72.742	482
72.767	512	72.792	485
72.818	509	72.843	488
72.869	503	72.893	492
72.919	493	72.945	494
72.970	482	72.995	497
73.020	469	73.046	499
73.072	454	73.096	500
73.122	441	73.147	501
73.173	427	73.197	499
73.223	415	73.249	497
73.274	404	73.300	494
73.324	395	73.350	490
73.376	389	73.401	486
73.426	387	73.451	481
73.477	388	73.503	476
73.527	392	73.553	471
73.578	399	73.604	468
73.629	409	73.654	464
73.680	420	73.705	461
73.730	433	73.756	460
73.781	447	73.807	460
73.831	461	73.857	460
73.883	475	73.908	462
73.933	487	73.958	465
73.984	496	74.010	470
74.034	505	74.060	474
74.085	509	74.111	479
74.135	510	74.161	484
74.187	509	74.212	490
74.237	504	74.262	494
74.288	496	74.314	499
74.338	486	74.364	501
74.389	474	74.415	505
74.440	461	74.465	505
74.491	448	74.516	506
74.541	434	74.567	505
74.592	422	74.618	501
74.642	410	74.668	498
74.694	401	74.719	494
74.744	395	74.769	489
74.795	391	74.821	483
74.845	391	74.871	477
74.896	392	74.922	471
74.946	398	74.972	466
74.998	406	75.023	462
75.048	416	75.073	458
75.099	428	75.125	456
75.149	441	75.175	455
75.200	455	75.226	455
75.251	468	75.276	457
75.302	479	75.327	461
75.352	490	75.378	464
75.403	498	75.429	470
75.453	504	75.479	476
75.505	506	75.530	483
75.555	506	75.580	488
75.606	503	75.632	495
75.656	497	75.682	499
75.707	489	75.733	504
75.757	479	75.783	506
75.809	468	75.834	510
75.859	454	75.884	510
75.910	442	75.936	510
75.960	429	75.986	507
76.011	418	76.037	504
76.062	408	76.087	499
76.113	401	76.138	493
76.163	396	76.189	486
76.214	394	76.240	479
76.264	395	76.290	472
76.316	398	76.341	466
76.366	405	76.391	460
76.417	413	76.443	455
76.467	423	76.493	452
76.518	436	76.544	449
76.569	447	76.594	449
76.620	461	76.645	452
76.670	473	76.695	454
76.721	483	76.747	459
76.771	492	76.797	465
76.822	497	76.848	472
76.873	502	76.898	478
76.924	503	76.949	486
76.974	502	77.000	493
77.025	498	77.051	501
77.075	492	77.101	506
77.127	482	77.152	511
77.177	472	77.202	514
77.228	460	77.254	515
77.278	448	77.304	514
77.329	436	77.355	513
77.380	425	77.405	509
77.431	415	77.456	504
77.481	407	77.506	497
77.532	400	77.558	490
77.582	397	77.608	482
77.633	397	77.659	474
77.684	400	77.709	468
77.735	405	77.760	460
77.786	411	77.811	454
77.836	421	77.862	449
77.887	431	77.912	447
77.938	443	77.963	445
77.989	454	78.013	446
78.039	465	78.065	448
78.090	476	78.115	453
78.140	485	78.166	460
78.192	492	78.216	466
78.242	496	78.267	474
78.293	500	78.317	482
78.343	499	78.369	491
78.394	497	78.419	499
78.444	491	78.470	506
78.496	485	78.520	512
78.546	475	78.571	517
78.597	465	78.622	519
78.647	454	78.673	520
78.698	443	78.723	519
78.749	432	78.774	516
78.800	423	78.824	510
78.850	415	78.876	504
78.901	408	78.926	496
78.951	403	78.977	487
79.003	402	79.027	478
79.053	402	79.078	469
79.104	405	79.129	461
79.154	410	79.180	453
79.205	418	79.230	447
79.255	427	79.281	443
79.307	438	79.331	441
79.357	447	79.382	440
79.408	458	79.433	443
79.458	469	79.484	447
79.509	478	79.534	453
79.560	486	79.585	460
79.611	491	79.635	470
79.661	495	79.687	479
79.712	496	79.737	488
79.762	495	79.788	498
79.814	491	79.838	506
79.864	486	79.889	513
79.915	478	79.940	519
79.965	469	79.991	523
80.016	460	80.041	524
80.066	449	80.092	524
80.118	439	80.142	521
80.168	429	80.193	516
80.219	421	80.244	509
80.269	414	80.295	501
80.320	409	80.345	492
80.371	406	80.396	482
80.422	406	80.446	472
80.472	407	80.498	463
80.523	412	80.548	454
80.573	418	80.599	447
80.625	425	80.649	441
80.675	434	80.700	438
80.726	443	80.751	437
80.776	453	80.802	439
80.827	463	80.853	442
80.877	473	80.903	447
80.929	479	80.954	454
80.979	485	81.004	464
81.030	490	81.056	473
81.080	491	81.106	484
81.131	491	81.157	494
81.182	489	81.207	504
81.233	485	81.258	512
81.283	478	81.309	519
81.334	472	81.360	524
81.384	463	81.410	527
81.436	454	81.461	527
81.486	444	81.511	526
81.537	436	81.563	521
81.587	427	81.613	515
81.638	421	81.664	507
81.689	416	81.714	498
81.740	412	81.765	487
81.790	410	81.815	477
81.841	411	81.867	466
81.891	414	81.917	456
81.942	418	81.968	448
81.993	424	82.018	442
82.044	432	82.069	437
82.094	440	82.120	434
82.145	449	82.171	435
82.195	457	82.221	437
82.247	466	82.272	442
82.297	472	82.322	449
82.348	479	82.374	458
82.398	483	82.424	468
82.449	486	82.475	479
82.500	487	82.525	489
82.551	486	82.576	500
82.601	483	82.626	510
82.652	479	82.678	518
82.702	473	82.728	524
82.753	465	82.779	529
82.804	457	82.829	530
82.855	449	82.880	530
82.905	441	82.931	526
82.956	434	82.982	520
83.006	428	83.032	512
83.058	421	83.083	503
83.108	418	83.133	493
83.159	416	83.185	482
83.209	415	83.235	471
83.260	417	83.286	460
83.311	419	83.336	451
83.362	424	83.387	442
83.412	431	83.437	437
83.463	437	83.489	433
83.513	445	83.539	432
83.564	452	83.590	433
83.615	459	83.640	438
83.666	466	83.691	444
83.716	473	83.742	452
83.767	477	83.793	462
83.817	481	83.843	473
83.869	482	83.894	484
83.919	482	83.944	495
83.970	480	83.996	506
84.020	477	84.046	516
84.071	473	84.097	523
84.122	467	84.147	529
84.173	460	84.198	532
84.223	453	84.249	532
84.274	445	84.300	530
84.324	439	84.350	526
84.375	433	84.401	519
84.426	427	84.451	510
84.477	424	84.502	500
84.528	421	84.553	488
84.578	420	84.604	476
84.629	421	84.654	464
84.680	423	84.705	454
84.731	426	84.755	445
84.781	431	84.807	437
84.832	436	84.857	433
84.882	443	84.908	431
84.934	449	84.958	432
84.984	456	85.009	433
85.035	462	85.060	439
85.085	467	85.111	448
85.136	471	85.161	456
85.186	475	85.212	467
85.238	477	85.262	478
85.288	477	85.313	491
85.339	477	85.364	502
85.389	474	85.415	512
85.440	470	85.465	520
85.491	466	85.516	528
85.542	461	85.566	532
85.592	456	85.618	533
85.643	449	85.668	533
85.693	444	85.719	530
85.745	438	85.769	523
85.795	433	85.820	515
85.846	429	85.871	504
85.896	427	85.922	493
85.947	425	85.972	482
85.997	424	86.023	470
86.049	427	86.073	458
86.099	428	86.124	448
86.150	432	86.175	439
86.200	436	86.226	434
86.251	441	86.276	430
86.302	446	86.327	428
86.353	452	86.377	430
86.403	457	86.429	434
86.454	462	86.479	443
86.504	466	86.530	450
86.556	470	86.580	462
86.606	472	86.631	473
86.657	474	86.682	485
86.707	472	86.733	497
86.758	472	86.783	509
86.809	469	86.834	518
86.860	465	86.884	525
86.910	461	86.935	531
86.961	457	86.986	534
87.011	452	87.037	535
87.062	447	87.087	532
87.113	442	87.138	527
87.164	438	87.188	519
87.214	435	87.240	510
87.265	432	87.290	499
87.315	431	87.341	487
87.367	430	87.391	474
87.417	430	87.442	464
87.468	433	87.493	453
87.518	435	87.544	443
87.569	439	87.595	436
87.620	442	87.645	431
87.671	445	87.696	429
87.721	450	87.746	430
87.772	454	87.798	432
87.822	458	87.848	438
87.873	462	87.899	446
87.924	464	87.949	455
87.975	466	88.000	467
88.025	467	88.051	479
88.076	467	88.102	491
88.126	467	88.152	503
88.178	465	88.203	513
88.228	462	88.253	522
88.279	460	88.305	529
88.329	457	88.355	534
88.380	454	88.406	535
88.431	450	88.456	534
88.482	447	88.507	530
88.532	443	88.557	524
88.583	440	88.609	515
88.633	438	88.659	505
88.684	436	88.710	493
88.735	436	88.760	482
88.786	435	88.811	469
88.836	436	88.862	457
88.887	437	88.913	447
88.937	440	88.963	438
88.989	441	89.014	433
89.039	445	89.064	429
89.090	448	89.116	428
89.140	450	89.166	429
89.191	454	89.217	434
89.242	456	89.267	442
89.293	459	89.318	450
89.343	461	89.369	461
89.394	462	89.420	473
89.444	463	89.470	486
89.495	463	89.521	497
89.546	462	89.571	508
89.597	460	89.622	518
89.647	459	89.673	527
89.698	456	89.724	532
89.748	453	89.774	535
89.800	451	89.825	535
89.850	448	89.875	533
89.901	446	89.927	527
89.951	444	89.977	520
90.002	442	90.028	509
90.053	441	90.078	499
90.104	440	90.129	486
90.154	440	90.180	474
90.205	440	90.231	462
90.255	441	90.281	451
90.306	442	90.332	442
90.357	444	90.382	435
90.408	446	90.433	429
90.458	448	90.484	428
90.509	450	90.535	429
90.559	453	90.585	431
90.611	454	90.636	438
90.661	456	90.686	446
90.712	457	90.738	456
90.762	457	90.788	467
90.813	458	90.839	480
90.864	458	90.889	492
90.915	457	90.940	503
90.965	456	90.991	512
91.016	456	91.042	522
91.066	454	91.092	529
91.117	452	91.143	533
91.168	452	91.193	534
91.219	449	91.244	533
91.269	448	91.295	530
91.320	448	91.346	523
91.370	446	91.396	514
91.422	446	91.447	503
91.472	445	91.497	492
91.523	445	91.549	480
91.573	446	91.599	469
91.624	446	91.650	456
91.675	446	91.700	447
91.726	447	91.751	438
91.776	448	91.802	432
91.827	448	91.853	430
91.877	450	91.903	428
91.929	451	91.954	430
91.979	451	92.004	435
92.030	452	92.055	443
92.080	452	92.106	451
92.131	452	92.157	462
92.181	453	92.207	474
92.233	453	92.258	486
92.283	453	92.308	497
92.334	453	92.360	508
92.384	452	92.410	518
92.435	452	92.461	526
92.486	451	92.511	531
92.537	451	92.562	534
92.587	450	92.613	534
92.638	450	92.664	531
92.688	450	92.714	525
92.740	450	92.765	518
92.790	450	92.815	508
92.841	450	92.866	498
92.891	449	92.917	486
92.942	450	92.968	473
92.992	449	93.018	462
93.044	450	93.069	452
93.094	450	93.119	443
93.145	450	93.171	436
93.195	450	93.221	432
93.246	451	93.272	430
93.297	451	93.322	430
93.348	450	93.373	434
93.398	450	93.424	440
93.449	450	93.475	448
93.499	449	93.525	457
93.551	450	93.576	469
93.601	449	93.626	480
93.652	449	93.677	492
93.702	449	93.728	503
93.753	448	93.779	513
93.803	449	93.829	521
93.855	449	93.880	527
93.905	450	93.930	531
93.956	450	93.982	532
94.006	451	94.032	531
94.057	452	94.083	528
94.108	452	94.133	522
94.159	453	94.184	513
94.209	453	94.235	503
94.260	454	94.286	492
94.310	454	94.336	481
94.362	453	94.387	469
94.412	454	94.437	458
94.463	453	94.489	448
94.513	452	94.539	441
94.564	452	94.590	435
94.614	451	94.640	433
94.666	449	94.691	431
94.716	449	94.741	433
94.767	448	94.793	437
94.817	447	94.843	444
94.868	446	94.894	452
94.919	445	94.944	463
94.970	446	94.995	475
95.020	445	95.046	486
95.071	445	95.097	497
95.121	446	95.147	507
95.173	446	95.198	517
95.223	448	95.248	523
95.274	449	95.300	528
95.324	450	95.350	531
95.375	451	95.401	530
95.425	453	95.451	527
95.477	454	95.502	523
95.527	455	95.552	516
95.578	456	95.604	506
95.628	457	95.654	496
95.679	457	95.705	486
95.730	457	95.755	474
95.781	457	95.806	463
95.831	456	95.857	454
95.882	455	95.908	445
95.932	455	95.958	439
95.984	453	96.009	435
96.034	451	96.059	433
96.085	449	96.111	434
96.135	448	96.161	437
96.186	446	96.212	442
96.236	444	96.262	451
96.288	443	96.313	459
96.338	443	96.363	470
96.389	442	96.415	480
96.439	442	96.465	491
96.490	442	96.516	501
96.542	444	96.566	510
96.592	445	96.617	518
96.643	446	96.668	524
96.693	448	96.719	528
96.744	450	96.769	529
96.795	452	96.820	527
96.846	454	96.870	523
96.896	456	96.922	518
96.947	458	96.972	509
96.997	460	97.023	501
97.049	460	97.073	490
97.099	461	97.124	479
97.150	460	97.174	469
97.200	459	97.226	460
97.251	458	97.276	450
97.301	457	97.327	444
97.353	455	97.377	438
97.403	453	97.428	436
97.454	449	97.479	435
97.504	447	97.530	437
97.555	445	97.580	442
97.606	443	97.631	448
97.657	442	97.681	456
97.707	440	97.733	465
97.758	440	97.783	475
97.808	439	97.834	486
97.860	439	97.884	496
97.910	440	97.935	505
97.961	442	97.985	513
98.011	444	98.037	519
98.062	446	98.087	524
98.112	449	98.138	527
98.164	452	98.188	526
98.214	455	98.239	523
98.265	457	98.290	518
98.315	460	98.341	512
98.366	461	98.391	503
98.417	462	98.442	494
98.468	464	98.492	485
98.518	463	98.544	475
98.569	463	98.594	464
98.619	462	98.645	456
98.671	459	98.695	448
98.721	458	98.746	443
98.772	454	98.796	440
98.822	451	98.848	439
98.873	448	98.898	439
98.923	445	98.949	441
98.975	442	98.999	447
99.025	440	99.050	454
99.076	438	99.101	462
99.126	437	99.152	472
99.177	437	99.202	482
99.228	437	99.253	491
99.279	438	99.303	500
99.329	439	99.355	508
99.380	442	99.405	515
99.430	444	99.456	519
99.482	447	99.506	523
99.532	450	99.557	523
99.583	453	99.607	521
99.633	456	99.659	518
99.684	458	99.710	513
99.734	461	99.760	506
99.786	464	99.811	498
99.836	465	99.861	489
99.887	466	99.913	480
99.937	466	99.963	471
99.988	465	100.014	462
100.039	463	100.064	455
100.090	461	100.115	449
100.140	458	100.166	444
100.191	454	100.217	442
100.241	451	100.267	442
100.293	447	100.318	444
100.343	444	100.368	447
100.394	440	100.420	453
100.444	437	100.470	460
100.495	436	100.521	468
100.545	435	100.571	476
100.597	434	100.622	485
100.647	435	100.672	494
100.698	436	100.724	503
100.748	438	100.774	509
100.799	441	100.825	514
100.850	444	100.875	518
100.901	448	100.926	520
100.951	453	100.977	520
101.002	457	101.028	518
101.052	460	101.078	514
101.104	463	101.129	508
101.154	466	101.179	500
101.205	468	101.231	493
101.255	468	101.281	484
101.306	469	101.332	475
101.356	467	101.382	467
101.408	465	101.433	460
101.458	464	101.483	454
101.509	460	101.535	449
101.559	456	101.585	446
101.610	452	101.636	445
101.661	448	101.686	446
101.712	444	101.737	448
101.762	440	101.788	453
101.813	437	101.839	459
101.863	435	101.889	466
101.915	433	101.940	473
101.965	431	101.990	482
102.016	433	102.042	490
102.066	434	102.092	497
102.117	436	102.143	504
102.167	438	102.193	509
102.219	441	102.244	513
102.269	445	102.294	515
102.320	450	102.346	516
102.370	454	102.396	515
102.421	458	102.447	513
102.472	463	102.497	509
102.523	467	102.548	502
102.573	469	102.599	496
102.624	471	102.650	488
102.674	471	102.700	480
102.726	471	102.751	472
102.776	469	102.801	466
102.827	467	102.853	459
102.877	463	102.903	454
102.928	459	102.954	450
102.978	454	103.004	448
103.030	450	103.055	448
103.080	445	103.105	449
103.131	441	103.157	453
103.181	437	103.207	457
103.232	434	103.258	463
103.283	432	103.308	470
103.334	431	103.359	477
103.385	431	103.410	485
103.435	431	103.461	492
103.486	433	103.511	499
103.537	436	103.562	505
103.588	440	103.612	509
103.638	444	103.664	513
103.689	449	103.714	514
103.739	454	103.765	514
103.791	458	103.815	511
103.841	463	103.866	508
103.892	465	103.916	503
103.942	469	103.968	498
103.993	471	104.018	491
104.043	473	104.069	484
104.095	472	104.119	477
104.145	471	104.170	471
104.196	469	104.221	464
104.246	466	104.272	459
104.297	462	104.322	455
104.348	459	104.373	453
104.399	454	104.423	452
104.449	448	104.475	452
104.500	443	104.525	455
104.550	439	104.576	458
104.602	434	104.626	463
104.652	432	104.677	468
104.703	430	104.727	475
104.753	429	104.779	482
104.804	429	104.829	489
104.854	431	104.880	495
104.906	433	104.930	500
104.956	437	104.981	504
105.007	441	105.032	508
