#Creator: pendulumviewEventBuffer
#Creation time: Wed Feb 22 15:33:09 2017
#Time A	Pos A	Time B	Pos B
#[s]	[au]	[s]	[au]
0.026	447	0.050	259
0.076	447	0.102	260
0.127	447	0.152	262
0.177	447	0.203	266
0.229	447	0.253	269
0.279	447	0.304	276
0.330	448	0.355	278
0.380	448	0.406	282
0.431	448	0.456	283
0.482	450	0.507	281
0.533	451	0.557	280
0.583	452	0.608	277
0.634	452	0.659	275
0.684	454	0.710	271
0.735	454	0.760	279
0.786	454	0.811	295
0.837	455	0.861	323
0.887	455	0.913	358
0.938	455	0.963	400
0.988	455	1.014	446
1.040	454	1.064	492
1.090	454	1.115	538
1.141	454	1.166	581
1.191	454	1.217	619
1.242	454	1.267	650
1.293	455	1.318	670
1.344	455	1.368	678
1.394	457	1.419	678
1.445	458	1.470	667
1.495	459	1.521	649
1.546	461	1.571	620
1.597	463	1.622	583
1.648	463	1.672	543
1.698	464	1.724	498
1.749	465	1.774	452
1.799	464	1.825	408
1.851	464	1.875	366
1.901	463	1.926	330
1.952	462	1.977	302
2.002	459	2.028	284
2.053	456	2.078	277
2.104	454	2.129	280
2.155	451	2.179	291
2.205	448	2.230	312
2.256	445	2.281	342
2.306	443	2.332	378
2.357	441	2.382	420
2.408	439	2.433	464
2.459	439	2.484	509
2.509	440	2.535	553
2.560	441	2.586	593
2.610	443	2.636	627
2.662	447	2.687	652
2.712	450	2.737	668
2.763	454	2.789	674
2.813	459	2.839	670
2.864	463	2.890	657
2.915	468	2.940	635
2.966	472	2.991	605
3.016	475	3.042	569
3.067	477	3.093	527
3.117	478	3.143	483
3.168	479	3.194	438
3.219	478	3.244	396
3.270	475	3.295	357
3.320	472	3.346	325
3.371	468	3.397	301
3.421	462	3.447	287
3.473	456	3.498	284
3.523	450	3.548	289
3.574	443	3.600	305
3.624	438	3.650	331
3.675	434	3.701	363
3.726	430	3.751	403
3.777	427	3.802	445
3.827	425	3.853	488
3.878	426	3.904	532
3.928	427	3.954	571
3.979	430	4.005	607
4.030	435	4.055	635
4.081	442	4.106	655
4.131	448	4.157	666
4.182	456	4.208	666
4.232	464	4.258	658
4.284	472	4.309	641
4.334	479	4.359	617
4.385	485	4.411	583
4.435	489	4.461	546
4.486	492	4.512	504
4.537	493	4.562	461
4.588	492	4.613	419
4.638	489	4.664	381
4.689	485	4.715	346
4.739	479	4.765	319
4.790	471	4.816	301
4.841	463	4.866	292
4.892	453	4.917	294
4.942	444	4.968	304
4.993	435	5.019	323
5.043	427	5.069	351
5.095	421	5.120	386
5.145	416	5.170	425
5.196	412	5.222	465
5.246	412	5.272	507
5.297	414	5.323	547
5.348	417	5.373	583
5.399	423	5.424	614
5.449	431	5.475	638
5.500	440	5.526	655
5.550	450	5.576	659
5.602	460	5.627	656
5.652	472	5.677	645
5.703	481	5.728	625
5.753	490	5.779	597
5.804	498	5.830	564
5.854	503	5.880	525
5.906	506	5.931	485
5.956	506	5.981	444
6.007	504	6.033	405
6.057	498	6.083	370
6.108	492	6.134	340
6.159	482	6.184	319
6.210	472	6.235	304
6.260	460	6.286	301
6.311	447	6.337	305
6.361	435	6.387	319
6.413	425	6.438	341
6.463	414	6.488	371
6.514	408	6.539	407
6.564	401	6.590	445
6.615	399	6.641	485
6.665	400	6.691	523
6.717	404	6.742	561
6.767	409	6.792	593
6.818	418	6.844	621
6.868	429	6.894	639
6.919	441	6.945	649
6.970	454	6.995	650
7.021	469	7.046	644
7.071	481	7.097	628
7.122	493	7.148	606
7.172	503	7.198	577
7.224	512	7.249	543
7.274	517	7.299	506
7.325	519	7.350	465
7.375	518	7.401	429
7.426	513	7.452	392
7.476	505	7.502	361
7.528	495	7.553	336
7.578	483	7.603	320
7.629	469	7.655	311
7.679	454	7.705	312
7.730	439	7.756	320
7.781	425	7.806	338
7.832	412	7.857	362
7.882	401	7.908	392
7.933	393	7.959	427
7.983	388	8.009	464
8.035	387	8.060	502
8.085	390	8.110	538
8.136	395	8.162	571
8.186	404	8.212	600
8.237	416	8.263	622
8.287	430	8.313	635
8.339	445	8.364	641
8.389	462	8.414	639
8.440	478	8.466	629
8.490	493	8.516	610
8.541	507	8.567	588
8.592	518	8.617	557
8.643	526	8.668	523
8.693	530	8.719	487
8.744	531	8.770	450
8.794	527	8.820	416
8.846	521	8.871	383
8.896	509	8.921	357
8.947	496	8.973	337
8.997	480	9.023	326
9.048	462	9.074	321
9.098	446	9.124	324
9.150	428	9.175	336
9.200	412	9.225	356
9.251	399	9.277	382
9.301	387	9.327	413
9.352	380	9.378	447
9.403	376	9.428	482
9.454	377	9.479	517
9.504	382	9.530	550
9.555	390	9.581	579
9.605	402	9.631	602
9.657	417	9.682	619
9.707	434	9.732	628
9.758	453	9.784	630
9.808	472	9.834	625
9.859	490	9.885	612
9.909	507	9.935	592
9.961	521	9.986	567
10.011	532	10.036	537
10.062	539	10.088	504
10.112	542	10.138	470
10.163	540	10.189	437
10.215	534	10.239	406
10.265	524	10.290	378
10.316	510	10.341	357
10.366	493	10.392	342
10.417	474	10.442	334
10.468	454	10.493	334
10.519	434	10.543	341
10.569	416	10.595	355
10.620	398	10.645	376
10.670	384	10.696	403
10.722	373	10.746	432
10.772	367	10.797	464
10.823	365	10.847	497
10.873	368	10.899	528
10.924	376	10.949	557
10.974	388	11.000	582
11.026	404	11.050	600
11.076	421	11.101	613
11.127	441	11.152	619
11.177	463	11.203	617
11.228	484	11.253	608
11.279	503	11.304	594
11.330	521	11.354	573
11.380	535	11.406	547
11.431	545	11.456	519
11.481	550	11.507	488
11.533	551	11.557	456
11.583	547	11.608	427
11.634	538	11.658	400
11.684	525	11.710	377
11.735	508	11.760	360
11.785	488	11.811	350
11.837	466	11.861	346
11.887	444	11.912	349
11.938	423	11.963	359
11.988	402	12.014	375
12.039	384	12.064	396
12.090	371	12.115	422
12.141	361	12.165	451
12.191	356	12.217	480
12.242	357	12.267	509
12.292	362	12.318	537
12.344	373	12.368	562
12.394	388	12.419	582
12.445	407	12.469	596
12.495	428	12.521	605
12.546	451	12.571	606
12.596	474	12.622	602
12.648	497	12.672	592
12.698	518	12.723	575
12.749	535	12.774	554
12.799	548	12.825	529
12.850	557	12.875	502
12.901	561	12.926	474
12.952	558	12.976	446
13.002	551	13.028	421
13.053	539	13.078	398
13.103	523	13.129	380
13.155	502	13.179	368
13.205	479	13.230	361
13.256	455	13.280	360
13.306	432	13.332	366
13.357	408	13.383	378
13.407	386	13.433	395
13.459	370	13.484	416
13.509	357	13.534	440
13.560	350	13.586	466
13.610	348	13.636	492
13.661	351	13.687	519
13.712	360	13.737	541
13.763	375	13.788	562
13.813	392	13.839	577
13.864	414	13.890	587
13.914	438	13.940	593
13.966	463	13.991	591
14.016	488	14.041	585
14.067	512	14.093	573
14.117	532	14.143	557
14.168	548	14.194	536
14.218	560	14.244	512
14.270	567	14.295	488
14.320	569	14.345	463
14.371	563	14.397	439
14.421	553	14.447	418
14.472	538	14.498	400
14.523	517	14.548	387
14.574	494	14.599	377
14.624	469	14.650	374
14.675	443	14.701	376
14.725	418	14.751	384
14.777	394	14.802	397
14.827	373	14.852	413
14.878	358	14.904	434
14.928	347	14.954	456
14.979	342	15.005	479
15.029	342	15.055	502
15.081	348	15.106	524
15.131	360	15.156	542
15.182	377	15.208	557
15.232	399	15.258	569
15.283	424	15.309	576
15.334	449	15.359	578
15.385	476	15.410	575
15.435	502	15.461	567
15.486	526	15.512	555
15.536	546	15.562	539
15.588	561	15.613	519
15.638	570	15.663	499
15.689	575	15.715	477
15.739	573	15.765	455
15.790	565	15.816	436
15.840	552	15.866	419
15.892	533	15.917	405
15.942	510	15.967	395
15.993	484	16.019	389
16.043	456	16.069	389
16.094	430	16.120	394
16.145	403	16.170	402
16.196	380	16.221	415
16.246	360	16.272	430
16.297	346	16.323	449
16.347	338	16.373	468
16.399	335	16.424	488
16.449	339	16.474	507
16.500	348	16.526	525
16.550	363	16.576	540
16.601	384	16.627	551
16.651	408	16.677	559
16.703	434	16.728	563
16.753	462	16.778	562
16.804	490	16.830	558
16.854	516	16.880	549
16.905	539	16.931	538
16.956	559	16.981	522
17.007	571	17.032	505
17.058	579	17.083	488
17.108	581	17.134	469
17.159	575	17.184	452
17.210	564	17.235	437
17.261	547	17.285	424
17.311	525	17.337	413
17.362	499	17.387	407
17.412	471	17.438	404
17.464	443	17.488	406
17.514	415	17.539	411
17.565	390	17.589	421
17.615	367	17.641	432
17.666	349	17.691	446
17.716	337	17.742	461
17.768	331	17.792	478
17.818	331	17.843	494
17.869	337	17.894	509
17.919	350	17.945	523
17.970	369	17.995	533
18.021	392	18.046	542
18.072	419	18.096	547
18.122	447	18.148	549
18.173	476	18.198	546
18.223	504	18.249	541
18.275	530	18.299	532
18.325	552	18.350	521
18.376	569	18.400	508
18.426	580	18.452	494
18.477	585	18.502	480
18.527	583	18.553	465
18.579	574	18.603	452
18.629	559	18.654	440
18.680	540	18.705	432
18.730	515	18.756	424
18.781	487	18.806	421
18.832	458	18.857	420
18.883	429	18.907	424
18.933	401	18.959	429
18.984	375	19.009	438
19.034	355	19.060	447
19.086	339	19.110	459
19.136	330	19.161	472
19.187	326	19.211	484
19.237	330	19.263	496
19.288	340	19.313	508
19.338	357	19.364	517
19.390	378	19.414	525
19.440	403	19.465	531
19.491	432	19.516	532
19.541	461	19.567	532
19.592	491	19.617	529
19.643	519	19.668	524
19.694	543	19.718	516
19.744	564	19.770	507
19.795	578	19.820	496
19.845	586	19.871	486
19.897	588	19.921	475
19.947	583	19.972	464
19.998	571	20.022	455
20.048	554	20.074	447
20.099	530	20.125	442
20.149	503	20.175	438
20.201	473	20.226	436
20.251	444	20.276	437
20.302	414	20.328	440
20.352	387	20.378	445
20.403	363	20.429	452
20.454	344	20.479	460
20.505	331	20.530	469
20.555	325	20.581	477
20.606	326	20.632	487
20.656	332	20.682	495
20.708	346	20.733	503
20.758	365	20.783	509
20.809	389	20.835	513
20.859	417	20.885	517
20.910	446	20.936	517
20.960	476	20.986	516
21.012	505	21.037	513
21.062	533	21.087	509
21.113	555	21.139	503
21.163	574	21.189	496
21.214	584	21.240	488
21.265	590	21.290	482
21.316	588	21.341	474
21.366	579	21.392	467
21.417	564	21.443	462
21.467	543	21.493	457
21.519	518	21.544	454
21.569	489	21.594	452
21.620	459	21.646	452
21.670	429	21.696	453
21.721	400	21.747	457
21.771	375	21.797	460
21.823	353	21.848	465
21.873	336	21.898	470
21.924	328	21.950	475
21.974	323	22.000	480
22.025	327	22.051	486
22.076	337	22.101	491
22.127	353	22.152	495
22.177	375	22.203	498
22.228	402	22.254	499
22.278	430	22.304	501
22.330	460	22.355	501
22.380	490	22.405	500
22.431	519	22.457	497
22.481	545	22.507	495
22.532	566	22.558	491
22.582	580	22.608	487
22.634	588	22.659	484
22.684	591	22.709	480
22.735	585	22.761	477
22.785	573	22.811	473
22.836	555	22.862	471
22.887	532	22.912	469
22.938	504	22.963	467
22.988	475	23.014	468
23.039	445	23.065	469
23.089	415	23.115	469
23.141	387	23.166	471
23.191	363	23.216	473
23.242	344	23.268	475
23.292	331	23.318	476
23.343	325	23.369	479
23.394	323	23.419	480
23.445	331	23.470	482
23.495	345	23.520	483
23.546	363	23.572	485
23.596	387	23.622	485
23.647	415	23.673	485
23.698	444	23.723	486
23.749	475	23.774	485
23.799	505	23.825	485
23.850	532	23.876	485
23.900	555	23.926	483
23.952	573	23.977	483
24.002	584	24.027	482
24.053	589	24.079	481
24.103	588	24.129	482
24.154	579	24.180	481
24.205	564	24.230	482
24.256	543	24.281	482
24.306	519	24.331	482
24.357	491	24.383	483
24.407	460	24.433	483
24.458	430	24.484	483
24.509	402	24.534	483
24.560	375	24.585	483
24.611	354	24.636	481
24.661	338	24.687	481
24.712	329	24.737	480
24.763	325	24.788	478
24.814	328	24.838	476
24.864	338	24.890	476
24.915	354	24.940	474
24.965	376	24.991	473
25.017	401	25.041	472
25.067	430	25.092	471
25.118	459	25.142	471
25.168	489	25.194	472
25.219	518	25.244	473
25.269	542	25.295	474
25.321	563	25.345	476
25.371	577	25.396	479
25.422	585	25.447	482
25.472	588	25.498	485
25.523	583	25.548	488
25.574	571	25.599	490
25.625	554	25.649	493
25.675	531	25.701	495
25.726	504	25.751	496
25.776	476	25.802	497
25.828	446	25.852	496
25.878	417	25.903	495
25.929	389	25.954	493
25.979	366	26.005	490
26.030	348	26.055	487
26.080	335	26.106	482
26.132	329	26.156	479
26.182	327	26.207	474
26.233	335	26.258	470
26.283	347	26.309	466
26.334	365	26.359	462
26.385	389	26.410	460
26.436	415	26.460	458
26.486	444	26.512	458
26.537	474	26.562	459
26.587	502	26.613	461
26.639	528	26.663	464
26.689	551	26.714	468
26.740	568	26.765	473
26.790	579	26.816	479
26.841	584	26.866	485
26.891	583	26.917	490
26.943	575	26.967	496
26.993	560	27.018	500
27.044	541	27.069	505
27.094	517	27.120	507
27.145	490	27.170	509
27.196	461	27.221	509
27.247	432	27.271	508
27.297	405	27.323	505
27.348	380	27.373	501
27.398	359	27.424	495
27.450	344	27.474	489
27.500	334	27.525	482
27.551	329	27.576	474
27.601	334	27.627	467
27.652	343	27.678	460
27.702	359	27.728	455
27.754	379	27.779	450
27.804	403	27.829	447
27.855	430	27.881	445
27.905	458	27.931	446
27.956	487	27.982	448
28.007	514	28.032	452
28.058	537	28.083	457
28.108	557	28.134	464
28.159	571	28.185	472
28.209	579	28.235	482
28.261	581	28.286	490
28.311	575	28.336	498
28.362	565	28.388	506
28.412	549	28.438	512
28.463	528	28.489	518
28.514	503	28.539	520
28.565	475	28.590	522
28.615	447	28.640	521
28.666	419	28.692	517
28.716	394	28.742	512
28.767	372	28.793	506
28.818	354	28.843	497
28.869	342	28.894	488
28.919	336	28.945	478
28.970	336	28.996	468
29.020	342	29.046	458
29.072	354	29.097	449
29.122	371	29.147	443
29.173	392	29.199	437
29.223	418	29.249	434
29.274	444	29.300	433
29.325	471	29.350	435
29.376	498	29.401	439
29.426	522	29.451	445
29.477	544	29.503	453
29.527	560	29.553	464
29.578	570	29.604	475
29.629	576	29.654	487
29.680	575	29.705	498
29.730	567	29.756	508
29.781	554	29.807	518
29.831	536	29.857	525
29.883	514	29.908	531
29.933	489	29.958	534
29.984	462	30.010	534
30.034	435	30.060	531
30.085	410	30.111	526
30.136	387	30.161	518
30.187	367	30.212	508
30.237	352	30.262	497
30.288	344	30.314	484
30.338	340	30.364	471
30.389	343	30.415	459
30.440	352	30.465	447
30.491	366	30.516	437
30.541	384	30.567	430
30.592	407	30.618	424
30.642	431	30.668	422
30.694	458	30.719	422
30.744	483	30.769	426
30.795	508	30.821	433
30.845	530	30.871	443
30.896	548	30.922	452
30.947	561	30.972	466
30.998	568	31.023	480
31.048	571	31.074	495
31.099	567	31.125	508
31.149	557	31.175	520
31.200	542	31.226	530
31.251	522	31.276	538
31.302	500	31.327	543
31.353	475	31.378	545
31.403	449	31.429	543
31.454	424	31.479	538
31.505	401	31.530	531
31.556	381	31.580	520
31.606	365	31.632	507
31.657	354	31.682	493
31.707	347	31.733	478
31.759	347	31.783	463
31.809	352	31.834	448
31.860	363	31.885	435
31.910	378	31.936	424
31.961	398	31.986	417
32.011	420	32.037	412
32.063	445	32.087	411
32.113	469	32.138	414
32.164	494	32.189	421
32.214	516	32.240	429
32.265	535	32.290	442
32.316	549	32.341	455
32.367	559	32.391	472
32.417	564	32.443	488
32.468	563	32.493	503
32.518	556	32.544	519
32.570	545	32.594	533
32.620	529	32.645	542
32.671	508	32.696	551
32.721	486	32.747	555
32.772	463	32.797	555
32.822	438	32.848	551
32.874	415	32.898	543
32.924	395	32.949	533
32.975	378	33.000	520
33.025	365	33.051	504
33.076	357	33.101	486
33.127	354	33.152	470
33.178	355	33.202	452
33.228	363	33.254	436
33.279	375	33.304	422
33.329	392	33.355	412
33.381	412	33.405	404
33.431	434	33.456	401
33.482	456	33.507	402
33.532	480	33.558	407
33.583	502	33.608	416
33.634	521	33.659	428
33.685	536	33.709	443
33.735	548	33.760	460
33.786	555	33.811	479
33.836	557	33.862	497
33.887	553	33.912	515
33.938	545	33.963	531
33.989	531	34.013	546
34.039	514	34.065	556
34.090	495	34.115	562
34.140	473	34.166	565
34.192	451	34.216	563
34.242	429	34.267	557
34.293	410	34.318	547
34.343	391	34.369	533
34.394	377	34.420	516
34.445	367	34.470	498
34.496	361	34.521	478
34.546	361	34.571	459
34.597	366	34.623	439
34.647	375	34.673	424
34.698	388	34.724	409
34.749	405	34.774	399
34.800	424	34.825	394
34.850	445	34.876	391
34.901	467	34.927	395
34.951	488	34.977	403
35.003	507	35.028	415
35.053	523	35.078	430
35.104	535	35.130	448
35.154	545	35.180	468
35.205	548	35.231	489
35.256	548	35.281	509
35.307	542	35.332	528
35.357	532	35.382	544
35.408	519	35.434	558
35.458	501	35.484	567
35.509	482	35.535	573
35.560	462	35.585	573
35.611	442	35.636	568
35.661	422	35.687	559
35.712	405	35.738	546
35.762	390	35.788	530
35.814	378	35.839	510
35.864	371	35.889	489
35.915	369	35.941	467
35.965	371	35.991	446
36.016	377	36.042	426
36.067	387	36.092	410
36.118	401	36.143	396
36.168	418	36.194	388
36.219	436	36.245	384
36.269	456	36.295	385
36.320	475	36.346	391
36.371	493	36.396	401
36.422	509	36.447	417
36.472	523	36.498	435
36.523	533	36.549	456
36.573	539	36.599	478
36.625	540	36.650	501
36.675	537	36.700	522
36.726	531	36.752	542
36.776	520	36.802	558
36.827	506	36.853	570
36.878	490	36.903	578
36.929	471	36.954	581
36.979	452	37.005	578
37.030	435	37.056	571
37.080	418	37.106	559
37.131	402	37.157	543
37.182	391	37.207	523
37.233	382	37.258	500
37.283	378	37.309	478
37.334	377	37.360	454
37.384	381	37.410	433
37.436	388	37.461	413
37.486	400	37.511	398
37.537	413	37.563	385
37.587	429	37.613	378
37.638	446	37.664	377
37.689	463	37.714	381
37.740	480	37.765	389
37.790	497	37.816	403
37.841	510	37.867	421
37.891	520	37.917	443
37.942	527	37.968	466
37.993	531	38.018	489
38.044	530	38.069	513
38.094	525	38.120	535
38.145	518	38.171	555
38.195	506	38.221	570
38.247	493	38.272	581
38.297	478	38.322	587
38.348	461	38.374	587
38.398	445	38.424	582
38.449	429	38.475	571
38.500	416	38.525	556
38.551	403	38.576	537
38.601	394	38.627	515
38.652	389	38.678	490
38.702	386	38.728	466
38.754	388	38.779	442
38.804	392	38.829	419
38.855	400	38.880	400
38.905	411	38.931	385
38.956	424	38.982	375
39.006	439	39.032	371
39.058	454	39.083	371
39.108	469	39.133	378
39.159	484	39.185	390
39.209	496	39.235	407
39.260	507	39.286	428
39.311	515	39.336	451
39.362	519	39.387	478
39.412	521	39.438	502
39.463	519	39.489	527
39.513	513	39.539	548
39.565	506	39.590	567
39.615	495	39.640	580
39.666	482	39.691	590
39.716	468	39.742	593
39.767	454	39.793	590
39.817	440	39.843	582
39.869	427	39.894	569
39.919	416	39.944	550
39.970	407	39.996	529
40.020	400	40.046	504
40.071	396	40.097	479
40.122	396	40.147	453
40.173	398	40.198	428
40.223	404	40.249	406
40.274	412	40.300	388
40.324	422	40.350	375
40.376	434	40.401	367
40.426	446	40.451	365
40.477	460	40.502	370
40.527	472	40.553	380
40.578	484	40.604	394
40.628	495	40.654	415
40.680	503	40.705	437
40.730	508	40.755	463
40.781	511	40.807	489
40.831	510	40.857	516
40.882	507	40.908	539
40.933	502	40.958	561
40.984	494	41.009	577
41.034	483	41.060	590
41.085	472	41.111	596
41.135	460	41.161	596
41.187	448	41.212	592
41.237	437	41.262	580
41.288	427	41.314	564
41.338	418	41.364	543
41.389	411	41.415	519
41.439	406	41.465	492
41.491	405	41.516	466
41.541	406	41.566	438
41.592	409	41.618	415
41.642	414	41.668	394
41.693	422	41.719	378
41.744	431	41.769	367
41.795	442	41.820	362
41.845	452	41.871	363
41.896	464	41.922	369
41.946	474	41.972	383
41.998	483	42.023	401
42.048	490	42.073	424
42.099	496	42.125	448
42.149	499	42.175	476
42.200	500	42.226	503
42.250	499	42.276	529
42.302	495	42.327	552
42.352	489	42.377	572
42.403	483	42.429	587
42.453	474	42.479	597
42.504	464	42.530	600
42.555	455	42.580	598
42.606	445	42.631	590
42.656	436	42.682	575
42.707	428	42.733	556
42.757	422	42.783	533
42.809	417	42.834	507
42.859	414	42.884	479
42.910	414	42.936	452
42.960	416	42.986	425
43.011	419	43.037	402
43.061	425	43.087	383
43.113	431	43.138	369
43.163	439	43.188	360
43.214	447	43.240	358
43.264	456	43.290	362
43.315	464	43.341	372
43.366	472	43.391	389
43.417	478	43.442	410
43.467	483	43.493	434
43.518	488	43.544	461
43.568	489	43.594	489
43.620	489	43.645	516
43.670	487	43.695	542
43.721	484	43.747	564
43.771	478	43.797	582
43.822	473	43.848	594
43.872	465	43.898	602
43.924	458	43.949	602
43.975	450	43.999	597
44.025	444	44.051	584
44.076	437	44.101	568
44.126	432	44.152	546
44.178	428	44.202	521
44.228	425	44.253	494
44.279	424	44.304	466
44.329	424	44.355	438
44.380	426	44.405	413
44.431	430	44.456	391
44.482	434	44.506	374
44.532	439	44.558	363
44.583	445	44.608	357
44.633	452	44.659	358
44.685	457	44.709	366
44.735	463	44.760	379
44.786	468	44.810	398
44.836	473	44.862	421
44.887	475	44.912	447
44.937	478	44.963	475
44.989	478	45.013	502
45.039	478	45.064	530
45.090	476	45.115	554
45.140	473	45.166	574
45.191	469	45.216	591
45.242	464	45.267	599
45.293	460	45.317	604
45.343	455	45.369	601
45.394	450	45.419	592
45.444	445	45.470	578
45.496	441	45.520	558
45.546	438	45.571	535
45.597	436	45.621	507
45.647	434	45.673	480
45.698	434	45.723	452
45.748	435	45.774	425
45.800	436	45.824	401
45.850	438	45.875	382
45.901	441	45.926	367
45.951	445	45.977	360
46.002	449	46.027	355
46.053	452	46.078	361
46.104	456	46.128	370
46.154	459	46.180	387
46.205	462	46.230	408
46.255	465	46.281	433
46.307	466	46.331	460
46.357	467	46.382	488
46.408	467	46.432	516
46.458	467	46.484	542
46.509	465	46.534	565
46.559	464	46.585	582
46.611	461	46.635	595
46.661	459	46.686	602
46.712	456	46.737	603
46.762	453	46.788	597
46.813	451	46.838	586
46.864	448	46.889	568
46.915	446	46.940	547
46.965	445	46.991	521
47.016	444	47.042	494
47.066	444	47.092	466
47.118	444	47.143	438
47.168	444	47.193	413
47.219	445	47.245	392
47.269	447	47.295	375
47.320	447	47.346	364
47.370	449	47.396	358
47.422	450	47.447	358
47.472	452	47.497	366
47.523	453	47.549	378
47.573	455	47.599	398
47.624	454	47.650	420
47.675	456	47.700	447
47.726	456	47.751	474
47.776	457	47.802	502
47.827	457	47.853	528
47.877	456	47.903	552
47.929	456	47.954	573
47.979	455	48.004	589
48.030	455	48.056	598
48.080	455	48.106	602
48.131	454	48.157	600
48.181	454	48.207	591
48.233	453	48.258	577
48.283	454	48.308	558
48.334	453	48.360	534
48.384	453	48.410	508
48.435	453	48.461	480
48.486	453	48.511	452
48.537	453	48.562	427
48.587	452	48.613	402
48.638	453	48.664	384
48.688	452	48.714	370
48.740	452	48.765	362
48.790	450	48.815	359
48.841	450	48.867	363
48.891	449	48.917	373
48.942	448	48.968	389
48.992	448	49.018	410
49.044	447	49.069	434
49.094	447	49.119	460
49.145	447	49.171	488
49.195	447	49.221	515
49.246	447	49.272	539
49.297	448	49.322	562
49.348	449	49.373	579
49.398	450	49.424	592
49.449	452	49.475	598
49.499	453	49.525	599
49.551	455	49.576	594
49.601	456	49.626	582
49.652	458	49.678	566
49.702	460	49.728	545
49.753	462	49.779	521
49.803	461	49.829	495
49.855	462	49.880	467
49.905	461	49.930	441
49.956	461	49.982	417
50.006	459	50.032	396
50.057	457	50.083	379
50.108	455	50.133	368
50.159	452	50.184	363
50.210	449	50.235	363
50.260	446	50.286	370
50.311	445	50.336	383
50.362	442	50.387	401
50.413	440	50.437	423
50.463	440	50.489	447
50.514	439	50.539	474
50.564	438	50.590	501
50.616	439	50.640	527
50.666	440	50.691	549
50.717	442	50.741	568
50.767	444	50.793	583
50.818	448	50.843	592
50.868	451	50.894	596
50.920	455	50.944	594
50.970	458	50.995	586
51.021	462	51.046	572
51.071	465	51.097	554
51.122	467	51.147	532
51.173	469	51.198	508
51.224	469	51.248	481
51.274	469	51.300	455
51.325	468	51.350	430
51.375	466	51.401	408
51.427	463	51.451	390
51.477	460	51.502	377
51.528	456	51.552	368
51.578	451	51.604	366
51.629	447	51.654	370
51.679	443	51.705	379
51.731	438	51.755	395
51.781	435	51.806	413
51.832	432	51.857	435
51.882	430	51.908	461
51.933	429	51.958	487
51.984	430	52.009	512
52.035	432	52.059	536
52.085	434	52.111	556
52.136	438	52.161	573
52.186	442	52.212	585
52.238	447	52.262	591
52.288	452	52.313	592
52.339	458	52.363	587
52.389	463	52.415	576
52.440	467	52.465	561
52.490	472	52.516	542
52.542	475	52.566	519
52.592	477	52.617	494
52.643	477	52.668	468
52.693	477	52.719	445
52.744	474	52.769	421
52.795	471	52.820	402
52.846	466	52.870	387
52.896	461	52.922	376
52.947	455	52.972	371
52.997	448	53.023	372
53.049	442	53.073	378
53.099	437	53.124	390
53.150	431	53.174	406
53.200	427	53.226	426
53.251	423	53.277	449
53.301	422	53.327	474
53.353	422	53.378	498
53.403	423	53.428	522
53.454	426	53.480	544
53.504	430	53.530	561
53.555	435	53.581	575
53.606	442	53.631	584
53.657	449	53.682	588
53.707	456	53.733	585
53.758	463	53.784	578
53.808	470	53.834	565
53.860	475	53.885	549
53.910	480	53.935	528
53.961	483	53.987	506
54.011	485	54.037	482
54.062	484	54.088	458
54.112	483	54.138	436
54.164	479	54.189	415
54.214	474	54.239	399
54.265	468	54.291	385
54.315	460	54.341	379
54.366	452	54.392	375
54.417	444	54.442	379
54.468	437	54.493	388
54.518	429	54.544	402
54.569	423	54.595	419
54.619	418	54.645	440
54.671	415	54.696	462
54.721	414	54.746	485
54.772	415	54.798	509
54.822	417	54.848	530
54.873	422	54.899	549
54.923	428	54.949	564
54.975	435	55.000	575
55.025	443	55.050	580
55.076	452	55.102	581
55.126	461	55.152	577
55.177	469	55.203	568
55.228	476	55.253	554
55.279	483	55.304	537
55.329	488	55.355	516
55.380	491	55.406	494
55.430	492	55.456	471
55.482	491	55.507	449
55.532	487	55.557	429
55.583	482	55.609	411
55.633	475	55.659	397
55.684	467	55.710	387
55.734	458	55.760	383
55.786	448	55.811	383
55.836	438	55.861	389
55.887	429	55.913	399
55.937	421	55.963	413
55.988	415	56.014	431
56.039	409	56.064	452
56.090	407	56.115	473
56.140	407	56.166	496
56.191	409	56.217	517
56.241	413	56.267	535
56.293	419	56.318	552
56.343	427	56.368	564
56.394	436	56.420	573
56.444	446	56.470	575
56.495	457	56.521	574
56.546	467	56.571	567
56.597	476	56.622	556
56.647	485	56.672	541
56.698	492	56.724	524
56.748	496	56.774	504
56.799	498	56.825	483
56.850	498	56.875	462
56.901	495	56.926	442
56.951	490	56.977	424
57.002	483	57.028	409
57.052	475	57.078	399
57.104	464	57.129	391
57.154	453	57.179	389
57.205	442	57.231	392
57.255	431	57.281	400
57.306	422	57.332	411
57.357	413	57.382	426
57.408	407	57.433	444
57.458	402	57.483	464
57.509	400	57.535	485
57.559	401	57.585	505
57.610	404	57.636	523
57.661	410	57.686	540
57.712	418	57.737	553
57.763	428	57.788	562
57.813	439	57.839	567
57.864	451	57.889	568
57.915	463	57.940	565
57.966	474	57.990	556
58.016	484	58.042	544
58.067	493	58.092	529
58.117	499	58.143	511
58.169	503	58.193	492
58.219	504	58.244	474
58.270	502	58.294	454
58.320	498	58.346	437
58.371	492	58.396	422
58.421	483	58.447	410
58.473	472	58.497	402
58.523	460	58.548	397
58.574	448	58.599	398
58.624	435	58.650	403
58.675	423	58.700	411
58.726	413	58.751	423
58.777	405	58.801	439
58.827	398	58.853	455
58.878	395	58.903	474
58.928	394	58.954	492
58.980	397	59.004	511
59.030	402	59.055	526
59.081	410	59.106	541
59.131	420	59.157	552
59.182	431	59.207	558
59.232	445	59.258	560
59.284	457	59.308	559
59.334	470	59.359	554
59.385	482	59.410	545
59.435	493	59.461	533
59.486	501	59.511	518
59.537	507	59.562	501
59.588	510	59.612	483
59.638	509	59.664	467
59.689	506	59.714	449
59.739	501	59.765	434
59.791	491	59.815	421
59.841	480	59.866	413
59.892	468	59.917	407
59.942	453	59.968	405
59.993	440	60.018	407
60.043	427	60.069	413
60.095	415	60.119	423
60.145	405	60.170	435
60.196	396	60.221	450
60.246	391	60.272	465
60.297	389	60.322	484
60.348	390	60.373	499
60.399	394	60.423	515
60.449	401	60.475	528
60.500	411	60.525	540
60.550	423	60.576	547
60.602	436	60.626	552
60.652	450	60.677	552
60.703	464	60.728	550
60.753	478	60.779	542
60.804	491	60.830	533
60.854	501	60.880	520
60.906	509	60.931	507
60.956	513	60.981	492
61.007	515	61.033	475
61.057	513	61.083	461
61.108	507	61.134	445
61.159	500	61.184	434
61.210	489	61.235	424
61.260	476	61.286	417
61.311	463	61.337	414
61.361	447	61.387	414
61.413	433	61.438	418
61.463	419	61.488	425
61.514	407	61.540	434
61.564	397	61.590	446
61.615	390	61.641	461
61.666	385	61.691	475
61.717	385	61.742	489
61.767	387	61.792	504
61.818	394	61.844	517
61.868	403	61.894	528
61.919	415	61.945	537
61.970	428	61.995	541
62.021	443	62.046	544
62.071	458	62.097	543
62.122	473	62.148	538
62.172	487	62.198	532
62.224	499	62.249	522
62.274	508	62.299	510
62.325	515	62.351	497
62.375	518	62.401	483
62.426	519	62.452	469
62.477	514	62.502	456
62.528	508	62.553	445
62.578	498	62.603	436
62.629	485	62.655	428
62.679	471	62.705	424
62.730	456	62.756	423
62.781	440	62.806	424
62.832	424	62.857	429
62.882	411	62.908	436
62.933	398	62.959	445
62.983	390	63.009	457
63.035	384	63.060	469
63.085	381	63.110	481
63.136	382	63.162	495
63.186	386	63.212	506
63.237	395	63.263	517
63.288	405	63.313	525
63.339	419	63.364	531
63.389	434	63.414	535
63.440	449	63.466	536
63.490	466	63.516	532
63.541	481	63.567	528
63.592	495	63.617	521
63.643	507	63.668	512
63.693	516	63.719	500
63.744	521	63.770	489
63.794	522	63.820	477
63.846	520	63.871	466
63.896	515	63.921	456
63.947	506	63.973	446
63.997	494	64.023	439
64.048	479	64.074	433
64.099	464	64.124	432
64.150	447	64.175	431
64.200	431	64.226	435
64.251	416	64.277	440
64.301	402	64.327	446
64.352	392	64.378	455
64.403	383	64.428	465
64.454	378	64.479	476
64.505	378	64.530	487
64.555	381	64.581	497
64.606	388	64.631	507
64.657	398	64.682	514
64.708	410	64.732	520
64.758	425	64.784	525
64.809	441	64.834	526
64.859	458	64.885	525
64.911	474	64.935	522
64.961	490	64.986	518
65.012	503	65.037	510
65.062	514	65.088	502
65.113	521	65.138	493
65.163	524	65.189	483
65.215	524	65.239	473
65.265	521	65.290	464
65.316	513	65.341	456
65.366	503	65.392	449
65.417	488	65.442	445
65.468	473	65.493	441
65.519	456	65.543	441
65.569	439	65.595	442
65.620	423	65.645	445
65.670	408	65.696	449
65.722	394	65.746	457
65.772	385	65.797	464
65.823	378	65.848	473
65.873	375	65.899	481
65.924	377	65.949	490
65.974	382	66.000	498
66.026	391	66.050	505
66.076	402	66.101	510
66.127	417	66.152	514
66.177	433	66.203	517
66.228	450	66.253	516
66.279	467	66.304	515
66.330	483	66.354	512
66.380	498	66.406	507
66.431	510	66.456	501
66.481	519	66.507	495
66.533	526	66.557	486
66.583	527	66.608	479
66.634	525	66.659	472
66.684	519	66.710	465
66.735	509	66.760	460
66.786	497	66.811	455
66.837	482	66.861	452
66.887	465	66.912	450
66.938	448	66.963	450
66.988	431	67.014	452
67.039	414	67.064	455
67.090	400	67.115	460
67.141	388	67.165	465
67.191	380	67.217	471
67.242	375	67.267	478
67.292	374	67.318	484
67.344	378	67.368	490
67.394	385	67.419	496
67.445	395	67.470	500
67.495	409	67.521	504
67.546	424	67.572	506
67.597	441	67.622	507
67.648	458	67.673	507
67.698	476	67.723	506
67.749	491	67.775	502
67.799	505	67.825	498
67.850	517	67.876	493
67.901	524	67.926	488
67.952	528	67.977	482
68.002	528	68.028	477
68.053	524	68.079	472
68.103	516	68.129	467
68.155	504	68.180	463
68.205	490	68.230	461
68.256	474	68.282	460
68.306	456	68.332	459
68.357	438	68.383	460
68.408	423	68.433	462
68.459	406	68.484	464
68.509	393	68.534	468
68.560	383	68.586	472
68.610	377	68.636	477
68.661	374	68.687	481
68.712	375	68.737	485
68.763	380	68.788	489
68.813	389	68.839	492
68.864	400	68.890	494
68.914	415	68.940	496
68.966	432	68.991	498
69.016	449	69.041	498
69.067	467	69.093	497
69.117	484	69.143	496
69.168	499	69.194	493
69.219	512	69.244	491
69.270	520	69.295	487
69.320	527	69.346	483
69.371	529	69.397	480
69.421	527	69.447	478
69.472	520	69.498	474
69.523	511	69.548	473
69.574	498	69.599	470
69.624	483	69.650	468
69.675	466	69.701	469
69.725	448	69.751	469
69.777	431	69.802	470
69.827	414	69.852	471
69.878	400	69.904	473
69.928	388	69.954	475
69.979	379	70.005	477
70.030	374	70.055	479
70.081	373	70.106	482
70.131	377	70.157	483
70.182	384	70.208	486
70.232	394	70.258	487
70.283	407	70.309	488
70.334	423	70.359	489
70.385	441	70.410	488
70.435	458	70.461	488
70.486	476	70.512	488
70.536	491	70.562	487
70.588	506	70.613	486
70.638	517	70.663	485
70.689	525	70.715	483
70.739	528	70.765	482
70.790	528	70.816	481
70.841	524	70.866	480
70.892	516	70.917	480
70.942	504	70.968	478
70.993	490	71.019	479
71.043	474	71.069	477
71.094	457	71.120	478
71.145	439	71.170	478
71.196	422	71.221	478
71.246	407	71.272	479
71.297	394	71.323	479
71.347	383	71.373	480
71.399	377	71.424	481
71.449	374	71.474	480
71.500	375	71.526	481
71.550	381	71.576	480
71.601	389	71.627	480
71.652	402	71.677	480
71.703	416	71.728	480
71.753	432	71.779	480
71.804	450	71.830	480
71.854	467	71.880	480
71.906	483	71.931	479
71.956	498	71.981	480
72.007	511	72.032	481
72.057	520	72.083	481
72.108	526	72.134	482
72.158	527	72.184	482
72.210	526	72.235	483
72.260	519	72.285	484
72.311	510	72.337	484
72.361	497	72.387	485
72.412	482	72.438	486
72.463	466	72.488	487
72.514	448	72.539	486
72.564	431	72.590	486
72.615	415	72.641	484
72.665	400	72.691	485
72.717	389	72.742	483
72.767	381	72.792	482
72.818	376	72.843	480
72.868	375	72.894	479
72.919	379	72.945	478
72.969	385	72.995	476
73.021	396	73.046	474
73.071	409	73.096	473
73.122	425	73.148	473
73.172	441	73.198	472
73.223	458	73.249	473
73.274	475	73.299	473
73.325	491	73.350	475
73.375	504	73.401	476
73.426	514	73.452	478
73.476	522	73.502	480
73.528	526	73.553	482
73.578	525	73.603	485
73.629	521	73.654	487
73.679	514	73.705	489
73.730	502	73.756	491
73.780	489	73.806	492
73.832	474	73.857	493
73.882	457	73.907	493
73.933	440	73.959	493
73.983	424	74.009	492
74.034	409	74.060	490
74.085	397	74.110	488
74.136	386	74.161	484
74.186	381	74.212	481
74.237	378	74.263	478
74.287	379	74.313	475
74.339	384	74.364	473
74.389	392	74.414	470
74.440	404	74.466	468
74.490	417	74.516	466
74.541	433	74.567	466
74.591	449	74.617	465
74.643	466	74.668	466
74.693	482	74.718	468
74.744	496	74.770	470
74.794	509	74.820	473
74.845	517	74.871	477
74.896	522	74.921	481
74.947	524	74.972	485
74.997	522	75.023	489
75.048	516	75.074	493
75.098	507	75.124	496
75.150	495	75.175	498
75.200	480	75.225	500
75.251	465	75.277	500
75.301	449	75.327	500
75.352	432	75.378	498
75.402	417	75.428	496
75.454	404	75.479	493
75.504	393	75.529	490
75.555	385	75.581	484
75.605	381	75.631	480
75.656	380	75.682	475
75.707	383	75.732	471
75.758	390	75.783	466
75.808	399	75.834	463
75.859	412	75.885	460
75.909	426	75.935	458
75.961	441	75.986	458
76.011	459	76.036	459
76.062	473	76.088	461
76.112	488	76.138	464
76.163	501	76.189	468
76.213	511	76.239	473
76.265	517	76.290	478
76.315	521	76.340	483
76.366	521	76.392	489
76.416	517	76.442	494
76.467	510	76.493	499
76.519	499	76.543	503
76.569	487	76.594	505
76.620	472	76.645	507
76.670	456	76.696	507
76.721	441	76.746	506
76.772	426	76.797	503
76.823	412	76.847	500
76.873	400	76.899	494
76.924	391	76.949	489
76.974	386	77.000	483
77.026	383	77.050	477
77.076	384	77.101	470
77.127	388	77.151	465
77.177	396	77.203	459
77.228	407	77.253	456
77.278	420	77.304	453
77.330	435	77.354	453
77.380	450	77.405	452
77.431	464	77.456	454
77.481	480	77.507	457
77.532	493	77.557	462
77.583	503	77.608	468
77.634	512	77.658	474
77.684	517	77.710	481
77.735	518	77.760	487
77.785	516	77.811	495
77.837	511	77.861	500
77.887	503	77.912	506
77.938	491	77.962	509
77.988	478	78.014	512
78.039	465	78.064	513
78.089	450	78.115	512
78.141	434	78.165	509
78.191	421	78.216	506
78.242	408	78.267	501
78.292	399	78.318	494
78.343	391	78.368	488
78.394	387	78.419	479
78.445	387	78.469	472
78.495	389	78.521	464
78.546	395	78.571	458
78.596	404	78.622	453
78.648	415	78.672	449
78.698	428	78.723	447
78.749	442	78.773	447
78.799	457	78.825	448
78.850	471	78.875	451
78.900	484	78.926	455
78.952	496	78.976	461
79.002	505	79.027	469
79.053	511	79.078	476
79.103	514	79.129	484
79.154	514	79.179	492
79.205	511	79.230	500
79.256	504	79.280	507
79.306	494	79.332	512
79.357	483	79.382	516
79.407	471	79.433	518
79.459	456	79.483	518
79.509	442	79.534	517
79.560	429	79.584	512
79.610	416	79.636	508
79.661	406	79.687	500
79.711	398	79.737	493
79.763	393	79.788	484
79.813	390	79.838	475
79.864	392	79.890	466
79.914	396	79.940	459
79.965	402	79.991	452
80.016	412	80.041	447
80.067	423	80.092	443
80.117	436	80.143	441
80.168	449	80.194	442
80.218	463	80.244	444
80.270	477	80.295	449
80.320	488	80.345	455
80.371	498	80.397	462
80.421	505	80.447	471
80.472	509	80.498	480
80.522	511	80.548	489
80.574	509	80.599	498
80.624	503	80.649	507
80.675	497	80.701	513
80.725	487	80.751	519
80.776	476	80.802	522
80.827	463	80.852	524
80.878	450	80.903	522
80.928	436	80.954	519
80.979	425	81.005	515
81.029	415	81.055	507
81.081	405	81.106	499
81.131	399	81.156	490
81.182	396	81.208	480
81.232	395	81.258	469
81.283	397	81.309	460
81.333	402	81.359	452
81.385	409	81.410	445
81.435	420	81.460	440
81.486	431	81.512	437
81.536	443	81.562	436
81.587	456	81.613	438
81.638	468	81.663	441
81.689	480	81.714	448
81.739	490	81.765	455
81.790	498	81.816	464
81.840	503	81.866	475
81.892	505	81.917	485
81.942	506	81.967	495
81.993	502	82.019	505
82.043	497	82.069	514
82.094	489	82.120	521
82.144	480	82.170	526
82.196	468	82.221	528
82.246	456	82.271	528
82.297	444	82.323	526
82.347	432	82.373	522
82.398	422	82.424	514
82.449	413	82.474	506
82.500	406	82.525	496
82.550	401	82.576	485
82.601	399	82.627	474
82.651	400	82.677	463
82.703	403	82.728	453
82.753	409	82.778	445
82.804	417	82.830	438
82.854	427	82.880	434
82.905	438	82.931	432
82.955	450	82.981	432
83.007	462	83.032	436
83.057	473	83.082	441
83.108	482	83.134	449
83.158	490	83.184	458
83.209	497	83.235	468
83.260	500	83.285	479
83.311	502	83.336	491
83.362	500	83.387	502
83.412	496	83.438	512
83.463	489	83.488	521
83.514	482	83.539	527
83.565	472	83.589	531
83.615	461	83.641	533
83.666	450	83.691	531
83.716	439	83.742	527
83.768	430	83.792	521
83.818	420	83.843	512
83.869	413	83.893	502
83.919	408	83.945	491
83.970	405	83.995	479
84.020	405	84.046	467
84.072	407	84.096	456
84.122	410	84.147	446
84.173	417	84.198	438
84.223	425	84.249	432
84.274	435	84.299	429
84.325	445	84.350	428
84.376	455	84.400	431
84.426	465	84.452	435
84.477	474	84.502	442
84.527	483	84.553	451
84.579	489	84.603	461
84.629	493	84.654	473
84.680	496	84.704	486
84.730	496	84.756	498
84.781	493	84.806	508
84.831	489	84.857	518
84.883	482	84.907	527
84.933	475	84.958	533
84.984	465	85.009	536
85.034	455	85.060	535
85.085	446	85.110	533
85.136	437	85.161	528
85.187	428	85.211	520
85.237	421	85.263	509
85.288	415	85.313	498
85.338	411	85.364	485
85.390	410	85.414	473
85.440	410	85.465	461
85.491	413	85.515	450
85.541	418	85.567	439
85.592	424	85.617	432
85.642	432	85.668	427
85.694	441	85.718	425
85.744	450	85.769	425
85.795	459	85.820	429
85.845	467	85.871	435
85.896	476	85.921	444
85.947	482	85.972	454
85.998	487	86.022	466
86.048	490	86.074	480
86.099	491	86.124	492
86.149	490	86.175	505
86.201	487	86.225	516
86.251	482	86.276	525
86.302	476	86.326	533
86.352	468	86.378	537
86.403	459	86.429	540
86.453	451	86.479	537
86.505	443	86.530	533
86.555	435	86.580	526
86.606	427	86.632	517
86.656	422	86.682	505
86.707	418	86.733	493
86.758	416	86.783	479
86.809	415	86.834	467
86.859	417	86.885	454
86.910	420	86.936	443
86.960	425	86.986	433
87.012	431	87.037	427
87.062	438	87.087	423
87.113	446	87.139	422
87.163	453	87.189	424
87.214	462	87.240	429
87.264	469	87.290	437
87.316	475	87.341	447
87.366	480	87.391	460
87.417	483	87.443	473
87.467	486	87.493	486
87.518	485	87.544	499
87.569	483	87.594	512
87.620	480	87.645	522
87.670	475	87.696	532
87.721	469	87.747	537
87.771	463	87.797	541
87.823	455	87.848	540
87.873	448	87.898	538
87.924	441	87.950	532
87.974	435	88.000	523
88.025	428	88.051	513
88.075	425	88.101	500
88.127	422	88.152	486
88.177	421	88.202	472
88.228	421	88.254	459
88.278	423	88.304	447
88.329	427	88.355	437
88.380	431	88.405	428
88.431	437	88.456	422
88.481	444	88.507	420
88.532	449	88.558	420
88.582	457	88.608	425
88.634	462	88.659	432
88.684	469	88.709	440
88.735	474	88.761	452
88.785	477	88.811	466
88.836	479	88.862	479
88.886	480	88.912	493
88.938	479	88.963	506
88.988	477	89.013	518
89.039	474	89.065	528
89.089	469	89.115	537
89.140	464	89.166	541
89.191	458	89.216	543
89.242	452	89.267	541
89.292	446	89.318	536
89.343	440	89.369	529
89.393	435	89.419	519
89.445	431	89.470	507
89.495	429	89.520	494
89.546	427	89.572	479
89.596	426	89.622	465
89.647	427	89.673	452
89.698	429	89.723	440
89.749	433	89.774	431
89.799	437	89.824	423
89.850	442	89.876	419
89.900	447	89.926	418
89.951	453	89.977	421
90.002	458	90.027	426
90.053	463	90.078	435
90.103	467	90.129	445
90.154	471	90.180	457
90.204	473	90.230	472
90.256	474	90.281	487
90.306	474	90.331	500
90.357	473	90.383	513
90.407	471	90.433	525
90.458	468	90.484	533
90.509	464	90.534	541
90.560	459	90.585	544
90.610	455	90.635	543
90.661	450	90.687	540
90.711	445	90.737	535
90.762	441	90.788	525
90.813	437	90.838	514
90.864	435	90.889	501
90.915	434	90.940	487
90.965	432	90.991	472
91.016	432	91.041	458
91.067	433	91.092	446
91.118	436	91.142	434
91.168	438	91.194	427
91.219	442	91.244	420
91.269	446	91.295	418
91.321	450	91.345	418
91.371	454	91.396	423
91.422	457	91.446	430
91.472	462	91.498	440
91.523	464	91.548	451
91.573	466	91.599	465
91.625	469	91.649	479
91.675	469	91.700	494
91.726	468	91.751	508
91.776	467	91.802	520
91.827	465	91.852	530
91.878	462	91.903	538
91.929	460	91.953	543
91.979	455	92.005	545
92.030	452	92.055	543
92.080	449	92.106	538
92.132	445	92.156	531
92.182	443	92.207	520
92.233	440	92.258	508
92.283	439	92.309	494
92.334	438	92.359	479
92.384	438	92.410	465
92.436	439	92.460	452
92.486	439	92.511	440
92.537	441	92.562	430
92.587	444	92.613	423
92.638	446	92.663	418
92.689	449	92.714	417
92.740	451	92.764	420
92.790	454	92.816	426
92.841	456	92.866	434
92.891	459	92.917	445
92.943	460	92.967	458
92.993	461	93.018	472
93.044	463	93.069	486
93.094	463	93.120	501
93.145	462	93.170	514
93.195	461	93.221	525
93.247	460	93.271	534
93.297	458	93.322	540
93.348	456	93.373	544
93.398	454	93.424	544
93.449	452	93.474	541
93.500	450	93.525	534
93.551	448	93.575	525
93.601	446	93.627	513
93.652	445	93.677	501
93.702	444	93.728	486
93.754	444	93.778	472
93.804	444	93.829	458
93.855	444	93.880	444
93.905	445	93.931	434
93.956	445	93.982	426
94.006	447	94.032	421
94.058	449	94.083	418
94.108	450	94.133	419
94.159	452	94.185	423
94.209	452	94.235	431
94.260	455	94.286	439
94.311	456	94.336	451
94.362	456	94.387	465
94.412	457	94.438	480
94.463	457	94.489	494
94.513	457	94.539	506
94.565	457	94.590	519
94.615	457	94.640	530
94.666	456	94.692	537
94.716	455	94.742	542
94.767	454	94.793	543
94.818	453	94.843	542
94.869	452	94.894	537
94.919	451	94.944	529
94.970	450	94.996	519
95.020	450	95.046	507
95.071	449	95.097	494
95.122	450	95.147	479
95.173	449	95.198	466
95.223	449	95.249	452
95.274	450	95.300	441
95.324	449	95.350	431
95.376	450	95.401	424
95.426	450	95.451	420
95.477	450	95.503	419
95.527	451	95.553	422
95.578	451	95.604	427
95.629	451	95.654	436
95.680	451	95.705	446
95.730	451	95.755	460
95.781	451	95.807	472
95.831	452	95.857	486
95.882	452	95.908	500
95.933	452	95.958	513
95.984	452	96.009	524
96.034	452	96.060	533
96.085	452	96.111	539
96.135	453	96.161	541
96.187	453	96.212	542
96.237	453	96.262	539
96.288	453	96.314	533
96.338	454	96.364	523
96.389	453	96.415	513
96.440	454	96.465	500
96.491	454	96.516	487
96.541	455	96.566	472
96.592	454	96.618	460
96.642	453	96.668	447
96.693	453	96.719	437
96.744	453	96.769	428
96.795	451	96.820	423
96.845	451	96.871	421
96.896	450	96.922	422
96.946	450	96.972	425
96.998	449	97.023	433
97.048	448	97.073	441
97.099	448	97.125	453
97.149	447	97.175	465
97.200	448	97.226	479
97.251	447	97.276	494
97.302	448	97.327	506
97.352	448	97.378	518
97.403	449	97.429	527
97.453	451	97.479	534
97.504	451	97.530	539
97.555	453	97.580	541
97.606	454	97.631	539
97.657	455	97.682	534
97.707	456	97.733	527
97.758	457	97.783	517
97.809	457	97.834	505
97.860	458	97.884	493
97.910	458	97.936	479
97.961	458	97.986	466
98.011	457	98.037	453
98.063	457	98.087	442
98.113	455	98.138	434
98.164	453	98.189	427
98.214	452	98.240	424
98.265	450	98.290	422
98.315	449	98.341	425
98.367	447	98.391	430
98.417	447	98.442	439
98.468	445	98.493	449
98.518	445	98.544	461
98.569	444	98.594	473
98.620	444	98.645	486
98.671	445	98.695	499
98.721	445	98.747	511
98.772	446	98.797	521
98.822	448	98.848	529
98.874	449	98.898	535
98.924	451	98.949	537
98.975	454	99.000	538
99.025	456	99.051	535
99.076	457	99.101	529
99.126	459	99.152	520
99.178	460	99.202	510
99.228	462	99.253	498
99.279	462	99.304	486
99.329	462	99.355	473
99.380	461	99.405	460
99.431	460	99.456	449
99.482	458	99.506	439
99.532	457	99.558	432
99.583	455	99.608	427
99.633	452	99.659	425
99.685	450	99.709	426
99.735	447	99.760	430
99.786	445	99.811	436
99.836	443	99.862	445
99.887	441	99.912	455
99.938	441	99.963	468
99.989	440	100.013	480
100.039	441	100.064	492
100.090	441	100.115	504
100.140	442	100.166	514
100.191	444	100.216	524
100.242	446	100.267	530
100.293	449	100.317	534
100.343	452	100.369	536
100.394	455	100.419	534
100.444	458	100.470	529
100.496	461	100.520	523
100.546	463	100.571	514
100.597	464	100.622	504
100.647	465	100.673	491
100.698	466	100.724	480
100.749	465	100.774	468
100.800	464	100.825	457
100.850	463	100.875	446
100.901	460	100.927	438
100.951	457	100.977	432
101.002	454	101.028	429
101.053	451	101.078	428
101.104	447	101.129	430
101.154	444	101.180	435
101.205	441	101.231	442
101.255	439	101.281	451
101.307	438	101.332	462
101.357	436	101.382	474
101.408	437	101.434	485
101.458	437	101.484	497
101.509	439	101.535	508
101.560	441	101.585	517
