#Creator: pendulumviewEventBuffer
#Creation time: Wed Feb 22 15:33:09 2017
#Time A	Pos A	Time B	Pos B
#[s]	[au]	[s]	[au]
0.026	552	0.051	266
0.076	550	0.101	272
0.127	549	0.153	275
0.177	550	0.203	280
0.228	551	0.254	279
0.279	556	0.304	279
0.330	557	0.355	279
0.380	559	0.406	278
0.431	559	0.457	279
0.481	557	0.507	274
0.532	561	0.558	276
0.583	561	0.608	276
0.634	559	0.659	278
0.685	559	0.710	279
0.735	558	0.761	279
0.786	556	0.811	275
0.837	554	0.862	274
0.888	553	0.912	270
0.938	553	0.964	269
0.989	554	1.014	265
1.039	556	1.065	265
1.091	556	1.115	265
1.141	558	1.166	263
1.192	560	1.217	262
1.242	564	1.268	262
1.293	567	1.318	261
1.343	570	1.369	260
1.395	573	1.419	259
1.445	576	1.470	258
1.496	577	1.521	259
1.546	581	1.572	256
1.597	585	1.622	257
1.648	588	1.673	255
1.699	590	1.723	255
1.749	591	1.775	254
1.800	592	1.825	254
1.850	593	1.876	253
1.902	595	1.926	251
1.952	596	1.977	248
2.003	595	2.028	243
2.053	596	2.079	243
2.104	595	2.129	241
2.154	593	2.180	240
2.206	591	2.230	239
2.256	591	2.281	237
2.307	589	2.332	236
2.357	592	2.383	238
2.408	591	2.433	235
2.459	593	2.484	236
2.510	594	2.534	240
2.560	593	2.586	258
2.611	584	2.636	286
2.661	567	2.687	324
2.713	545	2.737	371
2.763	517	2.788	422
2.814	485	2.839	476
2.864	452	2.890	529
2.915	419	2.940	579
2.966	386	2.991	623
3.017	358	3.041	659
3.067	335	3.092	686
3.118	318	3.143	701
3.168	309	3.194	701
3.219	307	3.244	691
3.270	312	3.295	671
3.321	324	3.345	640
3.371	344	3.397	600
3.422	369	3.447	552
3.472	398	3.498	500
3.524	430	3.548	447
3.574	463	3.599	394
3.625	495	3.650	344
3.675	526	3.701	301
3.726	551	3.752	267
3.777	571	3.802	245
3.828	584	3.853	236
3.878	590	3.903	240
3.929	589	3.955	254
3.979	579	4.005	280
4.030	563	4.056	318
4.081	541	4.106	361
4.132	513	4.157	412
4.182	483	4.208	466
4.233	450	4.259	518
4.283	418	4.309	568
4.335	387	4.360	613
4.385	360	4.410	651
4.436	337	4.462	679
4.486	321	4.512	696
4.537	313	4.563	700
4.588	310	4.613	692
4.639	316	4.664	674
4.689	329	4.714	645
4.740	348	4.766	608
4.790	372	4.816	563
4.841	401	4.867	511
4.892	432	4.917	459
4.943	464	4.968	405
4.993	496	5.019	356
5.044	525	5.070	312
5.094	550	5.120	278
5.146	569	5.171	252
5.196	582	5.221	240
5.247	587	5.273	241
5.297	586	5.323	253
5.348	575	5.374	276
5.399	559	5.424	310
5.450	537	5.475	352
5.500	510	5.526	401
5.551	480	5.577	453
5.601	449	5.627	506
5.652	417	5.678	556
5.703	388	5.728	602
5.754	361	5.779	641
5.804	339	5.830	670
5.855	323	5.881	691
5.905	316	5.931	697
5.957	313	5.982	691
6.007	319	6.032	675
6.058	332	6.084	650
6.108	350	6.134	615
6.159	374	6.185	572
6.210	403	6.235	523
6.261	433	6.286	471
6.311	466	6.337	419
6.362	496	6.388	370
6.412	525	6.438	326
6.463	549	6.489	288
6.514	568	6.539	262
6.565	580	6.590	247
6.615	585	6.641	244
6.666	584	6.692	254
6.716	574	6.742	273
6.768	558	6.793	305
6.818	536	6.843	345
6.869	509	6.895	391
6.919	480	6.945	441
6.970	448	6.996	493
7.021	417	7.046	542
7.072	387	7.097	588
7.122	361	7.148	628
7.173	339	7.199	660
7.223	324	7.249	682
7.274	316	7.300	692
7.325	314	7.350	689
7.376	320	7.401	676
7.426	333	7.452	655
7.477	352	7.503	621
7.527	376	7.553	581
7.579	405	7.604	534
7.629	435	7.654	484
7.680	467	7.706	434
7.730	497	7.756	385
7.781	526	7.807	340
7.832	549	7.857	302
7.883	568	7.908	272
7.933	580	7.959	255
7.984	584	8.010	249
8.034	583	8.060	256
8.086	573	8.111	272
8.136	557	8.161	300
8.187	535	8.212	337
8.237	508	8.263	381
8.288	478	8.314	429
8.338	446	8.364	478
8.390	416	8.415	529
8.440	386	8.465	575
8.491	360	8.517	616
8.541	339	8.567	649
8.592	324	8.618	673
8.643	316	8.668	686
8.694	314	8.719	686
8.744	321	8.770	676
8.795	334	8.821	657
8.845	353	8.871	627
8.897	377	8.922	590
8.947	406	8.972	545
8.998	436	9.023	497
9.048	468	9.074	447
9.099	499	9.125	398
9.149	526	9.175	354
9.201	550	9.226	315
9.251	569	9.276	284
9.302	581	9.328	263
9.352	585	9.378	255
9.403	583	9.429	258
9.454	573	9.479	272
9.505	558	9.530	296
9.555	535	9.581	331
9.606	508	9.632	372
9.656	478	9.682	418
9.708	446	9.733	467
9.758	415	9.783	515
9.809	386	9.834	562
9.859	359	9.885	603
9.910	337	9.936	638
9.960	323	9.986	664
10.012	316	10.037	679
10.062	314	10.087	682
10.113	320	10.139	674
10.163	332	10.189	658
10.214	352	10.240	631
10.265	376	10.290	596
10.316	405	10.341	555
10.366	437	10.392	508
10.417	468	10.443	460
10.467	498	10.493	412
10.519	527	10.544	366
10.569	552	10.594	328
10.620	571	10.646	295
10.670	582	10.696	273
10.721	587	10.747	262
10.771	585	10.797	263
10.823	575	10.848	273
10.873	558	10.898	295
10.924	536	10.950	326
10.974	509	11.000	365
11.025	479	11.051	409
11.076	447	11.101	456
11.127	415	11.152	503
11.177	386	11.203	550
11.228	358	11.254	591
11.278	337	11.304	626
11.330	322	11.355	654
11.380	314	11.405	671
11.431	312	11.457	676
11.481	319	11.507	672
11.532	331	11.558	657
11.582	350	11.608	632
11.634	375	11.659	601
11.684	404	11.709	562
11.735	436	11.761	517
11.785	468	11.811	471
11.836	499	11.862	424
11.887	528	11.912	380
11.938	552	11.963	340
11.988	572	12.014	308
12.039	584	12.065	283
12.089	589	12.115	270
12.141	587	12.166	269
12.191	577	12.216	278
12.242	561	12.268	295
12.292	538	12.318	323
12.343	511	12.369	360
12.393	481	12.419	402
12.445	448	12.470	447
12.495	416	12.520	493
12.546	385	12.572	538
12.596	358	12.622	579
12.647	336	12.673	615
12.699	320	12.723	643
12.749	312	12.774	662
12.800	310	12.825	669
12.850	315	12.876	667
12.901	329	12.926	655
12.952	348	12.977	634
13.003	373	13.027	604
13.053	402	13.079	569
13.104	434	13.129	526
13.154	467	13.180	481
13.206	499	13.230	436
13.256	529	13.281	392
13.307	553	13.331	353
13.357	574	13.383	320
13.408	586	13.433	295
13.458	593	13.484	279
13.510	591	13.534	276
13.560	580	13.585	282
13.611	564	13.636	298
13.661	541	13.687	323
13.712	514	13.737	356
13.763	483	13.788	396
13.814	450	13.838	439
13.864	418	13.890	483
13.915	386	13.940	527
13.965	358	13.991	568
14.017	335	14.041	603
14.067	318	14.092	633
14.118	309	14.142	651
14.168	307	14.194	662
14.219	312	14.244	661
14.269	325	14.295	651
14.321	344	14.345	633
14.371	370	14.396	606
14.422	399	14.447	572
14.472	431	14.498	533
14.523	464	14.548	489
14.574	497	14.599	445
14.625	528	14.649	404
14.675	554	14.701	364
14.726	575	14.751	331
14.776	588	14.802	305
14.828	594	14.852	289
14.878	594	14.903	284
14.929	585	14.953	288
14.979	569	15.005	301
15.030	546	15.055	324
15.080	518	15.106	355
15.132	487	15.156	392
15.182	453	15.207	432
15.233	420	15.258	475
15.283	388	15.309	517
15.334	359	15.359	557
15.385	335	15.410	592
15.436	317	15.460	622
15.486	306	15.512	642
15.537	304	15.562	653
15.587	308	15.613	654
15.639	321	15.663	647
15.689	340	15.714	630
15.740	365	15.764	606
15.790	395	15.816	574
15.841	427	15.867	537
15.891	461	15.917	497
15.943	495	15.968	454
15.993	526	16.018	413
16.044	553	16.070	375
16.094	576	16.120	343
16.145	590	16.171	316
16.196	598	16.221	300
16.247	598	16.272	293
16.297	589	16.323	295
16.348	574	16.374	305
16.398	551	16.424	326
16.450	523	16.475	355
16.500	491	16.525	389
16.551	458	16.577	428
16.601	423	16.627	468
16.652	390	16.678	508
16.702	360	16.728	547
16.754	335	16.779	582
16.804	316	16.829	611
16.855	305	16.881	632
16.905	301	16.931	644
16.956	304	16.982	647
17.007	316	17.032	641
17.058	335	17.083	627
17.108	360	17.134	605
17.159	389	17.185	575
17.209	422	17.235	540
17.261	457	17.286	501
17.311	491	17.336	462
17.362	524	17.388	422
17.412	552	17.438	385
17.463	575	17.489	353
17.513	592	17.539	327
17.565	600	17.590	310
17.615	601	17.640	301
17.666	594	17.692	302
17.716	579	17.742	311
17.767	557	17.793	330
17.818	529	17.843	355
17.869	497	17.894	388
17.919	463	17.945	424
17.970	428	17.996	462
18.020	394	18.046	502
18.072	363	18.097	539
18.122	337	18.147	573
18.173	316	18.199	601
18.223	303	18.249	622
18.274	298	18.300	635
18.324	301	18.350	639
18.376	312	18.401	635
18.426	329	18.451	622
18.477	354	18.503	603
18.527	383	18.553	574
18.578	416	18.604	542
18.629	451	18.654	506
18.680	487	18.705	467
18.730	520	18.756	429
18.781	550	18.807	393
18.831	574	18.857	362
18.883	593	18.908	336
18.933	602	18.958	319
18.984	604	19.010	310
19.034	598	19.060	309
19.085	584	19.111	317
19.135	562	19.161	334
19.187	536	19.212	358
19.237	503	19.262	388
19.288	469	19.314	423
19.338	433	19.364	459
19.389	399	19.415	496
19.440	367	19.465	533
19.491	339	19.516	565
19.542	318	19.567	593
19.592	302	19.618	614
19.643	296	19.668	627
19.694	297	19.719	632
19.745	307	19.769	629
19.795	324	19.821	618
19.846	348	19.871	599
19.896	376	19.922	573
19.948	409	19.972	542
19.998	445	20.023	507
20.049	480	20.073	471
20.099	514	20.125	435
20.150	546	20.175	400
20.200	572	20.226	370
20.252	592	20.276	346
20.302	603	20.327	327
20.353	607	20.378	319
20.403	603	20.429	317
20.454	590	20.479	324
20.505	569	20.530	339
20.556	542	20.580	361
20.606	511	20.632	389
20.657	477	20.682	422
20.707	440	20.733	457
20.759	405	20.783	493
20.809	372	20.834	528
20.860	343	20.884	559
20.910	320	20.936	586
20.961	303	20.986	607
21.011	295	21.037	620
21.063	295	21.087	624
21.113	302	21.138	623
21.164	319	21.189	612
21.214	342	21.240	594
21.265	369	21.290	571
21.316	402	21.341	541
21.367	438	21.391	508
21.417	474	21.443	473
21.468	509	21.493	439
21.518	542	21.544	406
21.570	569	21.594	377
21.620	590	21.645	353
21.671	603	21.695	336
21.721	608	21.747	326
21.772	605	21.797	324
21.822	594	21.848	330
21.874	575	21.898	344
21.924	549	21.949	365
21.975	519	22.000	392
22.025	484	22.051	423
22.076	448	22.101	456
22.127	412	22.152	491
22.178	378	22.202	523
22.228	347	22.254	554
22.279	322	22.304	580
22.329	304	22.355	600
22.381	295	22.405	612
22.431	293	22.456	619
22.482	299	22.506	616
22.532	314	22.558	607
22.583	335	22.609	590
22.633	362	22.659	568
22.685	395	22.710	539
22.735	430	22.760	507
22.786	466	22.812	475
22.836	502	22.862	441
22.887	536	22.913	410
22.938	564	22.963	382
22.989	587	23.014	358
23.039	602	23.065	342
23.090	609	23.116	334
23.140	608	23.166	330
23.192	598	23.217	336
23.242	581	23.267	349
23.293	556	23.319	369
23.343	526	23.369	395
23.394	492	23.420	425
23.444	456	23.470	456
23.496	420	23.521	489
23.546	385	23.571	521
23.597	353	23.623	550
23.647	326	23.673	575
23.698	306	23.724	594
23.749	295	23.774	607
23.800	293	23.825	612
23.850	295	23.876	611
23.901	308	23.927	601
23.951	328	23.977	586
24.003	355	24.028	564
24.053	386	24.078	537
24.104	421	24.130	507
24.154	458	24.180	475
24.205	494	24.231	443
24.255	528	24.281	412
24.307	558	24.332	385
24.357	583	24.382	363
24.408	601	24.434	348
24.458	608	24.484	339
24.509	609	24.535	337
24.560	602	24.585	342
24.611	586	24.636	354
24.661	562	24.687	373
24.712	533	24.738	397
24.762	500	24.788	426
24.814	464	24.839	457
24.864	428	24.889	488
24.915	393	24.941	519
24.965	359	24.991	547
25.016	332	25.042	572
25.066	310	25.092	591
25.118	296	25.143	602
25.168	292	25.193	608
25.219	294	25.245	606
25.269	304	25.295	596
25.320	324	25.346	581
25.371	348	25.396	560
25.422	378	25.447	534
25.472	413	25.498	504
25.523	449	25.549	474
25.573	486	25.599	443
25.625	520	25.650	413
25.675	551	25.700	388
25.726	577	25.752	366
25.776	597	25.802	352
25.827	607	25.853	344
25.878	610	25.903	341
25.929	604	25.954	347
25.979	590	26.004	359
26.030	568	26.056	377
26.080	541	26.106	401
26.131	508	26.157	428
26.182	473	26.207	458
26.233	437	26.258	489
26.283	400	26.309	519
26.334	367	26.360	547
26.384	338	26.410	570
26.436	315	26.461	587
26.486	299	26.511	599
26.537	293	26.563	603
26.587	293	26.613	603
26.638	302	26.664	593
26.689	318	26.714	577
26.740	342	26.765	556
26.790	371	26.815	532
26.841	404	26.867	503
26.891	440	26.917	473
26.942	477	26.968	443
26.993	512	27.018	414
27.044	543	27.069	389
27.095	571	27.120	369
27.145	592	27.171	354
27.196	604	27.221	346
27.247	608	27.272	345
27.298	606	27.322	350
27.348	593	27.374	363
27.399	574	27.424	381
27.449	547	27.475	404
27.501	516	27.525	431
27.551	481	27.576	461
27.602	445	27.626	490
27.652	410	27.678	519
27.703	374	27.728	546
27.753	345	27.779	568
27.805	321	27.829	585
27.855	303	27.880	597
27.906	294	27.931	601
27.956	293	27.982	599
28.007	299	28.032	589
28.058	315	28.083	574
28.109	336	28.133	554
28.159	365	28.185	528
28.210	396	28.235	500
28.260	431	28.286	471
28.312	468	28.336	442
28.362	503	28.387	414
28.413	535	28.438	390
28.463	564	28.489	370
28.514	586	28.539	356
28.564	600	28.590	348
28.616	606	28.640	347
28.666	605	28.691	352
28.717	595	28.742	365
28.767	577	28.793	384
28.818	552	28.843	407
28.869	523	28.894	434
28.920	489	28.944	462
28.970	454	28.996	492
29.021	418	29.046	521
29.071	384	29.097	546
29.123	353	29.147	569
29.173	327	29.198	585
29.224	307	29.249	595
29.274	297	29.300	600
29.325	294	29.350	596
29.375	299	29.401	587
29.427	311	29.451	572
29.477	331	29.502	552
29.528	358	29.553	527
29.578	388	29.604	499
29.629	423	29.654	469
29.680	458	29.705	440
29.731	494	29.755	413
29.781	527	29.807	389
29.832	556	29.857	370
29.882	579	29.908	356
29.934	596	29.958	349
29.984	603	30.009	348
30.035	604	30.060	354
30.085	596	30.111	366
30.136	580	30.162	386
30.186	559	30.212	409
30.238	530	30.263	436
30.288	497	30.313	465
30.339	462	30.365	494
30.389	426	30.415	522
30.440	393	30.466	548
30.491	361	30.516	569
30.542	333	30.567	584
30.592	313	30.618	595
30.643	301	30.669	599
30.693	296	30.719	596
30.745	299	30.770	586
30.795	309	30.820	571
30.846	328	30.872	551
30.896	352	30.922	525
30.947	381	30.973	498
30.998	415	31.023	468
31.049	450	31.074	439
31.099	484	31.124	412
31.150	518	31.176	388
31.200	548	31.226	369
31.251	572	31.277	357
31.302	589	31.327	349
31.353	599	31.378	348
31.403	602	31.429	354
31.454	596	31.480	367
31.504	582	31.530	387
31.556	561	31.581	410
31.606	534	31.631	437
31.657	502	31.683	466
31.707	469	31.733	495
31.758	434	31.784	523
31.809	400	31.834	549
31.860	368	31.885	570
31.910	341	31.935	586
31.961	318	31.987	596
32.011	305	32.037	600
32.062	299	32.088	596
32.113	299	32.138	587
32.164	307	32.189	571
32.214	323	32.240	550
32.265	346	32.291	525
32.315	374	32.341	497
32.367	405	32.392	467
32.417	440	32.442	438
32.468	474	32.494	410
32.518	507	32.544	387
32.569	536	32.595	367
32.620	562	32.645	354
32.671	581	32.696	346
32.721	593	32.746	346
32.772	597	32.798	354
32.822	593	32.848	367
32.873	581	32.899	386
32.924	562	32.949	410
32.975	537	33.000	437
33.025	507	33.051	467
33.076	474	33.102	496
33.126	439	33.152	524
33.178	405	33.203	551
33.228	374	33.253	572
33.279	345	33.305	588
33.329	322	33.355	598
33.380	306	33.406	601
33.431	298	33.456	598
33.482	297	33.507	588
33.532	303	33.558	573
33.583	318	33.609	550
33.633	339	33.659	525
33.684	365	33.710	497
33.735	396	33.760	467
33.786	429	33.811	438
33.837	463	33.862	410
33.887	495	33.913	385
33.938	526	33.963	366
33.989	552	34.014	353
34.040	572	34.064	345
34.090	584	34.116	344
34.141	590	34.166	352
34.191	589	34.217	366
34.243	578	34.267	384
34.293	561	34.318	409
34.344	537	34.369	436
34.394	509	34.420	466
34.445	477	34.470	497
34.495	443	34.521	525
34.547	410	34.571	551
34.597	378	34.622	573
34.648	349	34.673	590
34.698	326	34.724	600
34.749	308	34.774	603
34.800	299	34.825	600
34.851	296	34.875	590
34.901	301	34.927	574
34.952	313	34.977	552
35.002	332	35.028	526
35.054	357	35.078	497
35.104	386	35.129	467
35.155	418	35.180	437
35.205	452	35.231	409
35.256	484	35.281	384
35.306	514	35.332	365
35.358	541	35.382	351
35.408	562	35.433	343
35.459	576	35.484	342
35.509	583	35.535	349
35.560	583	35.585	363
35.611	575	35.636	383
35.662	559	35.686	407
35.712	537	35.738	435
35.763	510	35.788	465
35.813	480	35.839	496
35.865	447	35.889	525
35.915	414	35.940	552
35.966	382	35.991	574
36.016	354	36.042	591
36.067	330	36.092	602
36.118	311	36.143	606
36.169	301	36.193	603
36.219	297	36.244	593
36.270	300	36.295	577
36.320	310	36.346	556
36.371	328	36.396	530
36.422	351	36.447	500
36.473	379	36.497	469
36.523	409	36.549	438
36.574	442	36.599	409
36.624	474	36.650	384
36.676	504	36.700	363
36.726	530	36.751	349
36.777	552	36.802	341
36.827	567	36.853	340
36.878	575	36.904	346
36.929	577	36.954	360
36.980	570	37.005	379
37.030	556	37.055	404
37.081	536	37.107	432
37.131	511	37.157	463
37.182	482	37.208	494
37.233	450	37.258	524
37.284	418	37.309	552
37.334	386	37.360	575
37.385	358	37.411	593
37.435	333	37.461	604
37.487	315	37.512	609
37.537	303	37.562	606
37.588	297	37.614	597
37.638	299	37.664	580
37.689	307	37.715	559
37.740	323	37.765	532
37.791	345	37.816	502
37.841	371	37.866	470
37.892	400	37.918	440
37.942	432	37.968	410
37.993	463	38.019	384
38.044	493	38.069	362
38.095	520	38.120	347
38.145	542	38.171	339
38.196	558	38.222	336
38.246	567	38.272	343
38.298	569	38.323	356
38.348	565	38.373	376
38.399	552	38.425	400
38.449	534	38.475	429
38.500	510	38.526	460
38.551	482	38.576	493
38.602	452	38.627	523
38.652	421	38.678	551
38.703	390	38.729	575
38.753	362	38.779	594
38.804	337	38.830	606
38.855	318	38.880	611
38.906	305	38.931	610
38.956	298	38.982	600
39.007	299	39.033	585
39.057	307	39.083	563
39.109	321	39.134	537
39.159	341	39.184	506
39.210	366	39.236	474
39.260	394	39.286	442
39.311	424	39.337	412
39.362	454	39.387	383
39.413	484	39.438	361
39.463	510	39.489	345
39.514	533	39.540	336
39.564	548	39.590	334
39.615	558	39.641	339
39.666	562	39.691	351
39.717	558	39.742	371
