#Creator: pendulumviewEventBuffer
#Creation time: Wed Feb 22 15:33:09 2017
#Time A	Pos A	Time B	Pos B
#[s]	[au]	[s]	[au]
0.024	564	0.050	461
0.075	541	0.100	461
0.126	517	0.151	461
0.177	490	0.201	461
0.227	461	0.253	461
0.278	431	0.303	461
0.328	401	0.354	461
0.380	377	0.404	461
0.430	358	0.455	461
0.481	345	0.506	461
0.531	341	0.557	462
0.582	343	0.607	462
0.633	350	0.658	463
0.684	363	0.709	462
0.734	381	0.760	462
0.785	401	0.811	462
0.835	427	0.861	462
0.887	453	0.912	462
0.937	482	0.962	462
0.988	509	1.013	462
1.038	536	1.064	462
1.089	557	1.115	462
1.139	571	1.165	461
1.191	580	1.216	462
1.241	584	1.266	461
1.292	584	1.318	462
1.342	577	1.368	461
1.393	564	1.419	462
1.444	546	1.469	462
1.495	524	1.520	462
1.545	499	1.571	462
1.596	473	1.622	462
1.646	446	1.672	462
1.698	420	1.723	462
1.748	397	1.773	462
1.799	380	1.824	462
1.849	367	1.875	462
1.900	360	1.926	462
1.950	357	1.976	462
2.002	359	2.027	461
2.052	367	2.077	462
2.103	378	2.129	462
2.153	394	2.179	462
2.204	413	2.230	462
2.255	435	2.280	462
2.306	456	2.331	462
2.356	480	2.382	461
2.407	502	2.433	462
2.457	524	2.483	462
2.509	541	2.534	462
2.559	555	2.584	462
2.610	565	2.635	462
2.660	570	2.686	462
2.711	569	2.737	462
2.761	563	2.787	462
2.813	553	2.838	462
2.863	538	2.888	461
2.914	521	2.940	462
2.964	500	2.990	461
3.015	476	3.041	462
3.066	453	3.091	462
3.117	430	3.142	462
3.167	407	3.193	461
3.218	388	3.244	462
3.268	373	3.294	462
3.320	364	3.345	461
3.370	360	3.395	462
3.421	361	3.447	462
3.471	368	3.497	462
3.522	376	3.548	462
3.572	388	3.598	462
3.624	404	3.649	462
3.674	424	3.699	462
3.725	447	3.751	461
3.775	470	3.801	462
3.826	493	3.852	462
3.877	515	3.902	461
3.928	533	3.953	461
3.978	549	4.004	461
4.029	559	4.055	462
4.079	565	4.105	462
4.131	565	4.156	461
4.181	561	4.206	462
4.232	552	4.258	462
4.282	538	4.308	462
4.333	520	4.359	462
4.383	499	4.409	461
4.435	476	4.460	462
4.485	453	4.510	463
4.536	431	4.562	462
4.586	410	4.612	462
4.637	392	4.663	461
4.688	379	4.713	462
4.739	370	4.764	462
4.789	367	4.815	462
4.840	367	4.866	462
4.890	372	4.916	461
4.942	381	4.967	461
4.992	394	5.017	461
5.043	411	5.069	461
5.093	431	5.119	461
5.144	452	5.170	460
5.194	472	5.220	461
5.246	492	5.271	461
5.296	512	5.321	461
5.347	531	5.373	461
5.397	545	5.423	461
5.448	556	5.474	462
5.499	562	5.524	462
5.550	562	5.575	462
5.600	557	5.626	462
5.651	547	5.677	462
5.701	534	5.727	462
5.753	516	5.778	462
5.803	497	5.828	462
5.854	476	5.880	463
5.904	454	5.930	463
5.955	434	5.981	462
6.005	415	6.031	462
6.057	398	6.082	462
6.107	383	6.132	462
6.158	374	6.184	461
6.208	370	6.234	462
6.259	372	6.285	461
6.310	377	6.335	461
6.361	387	6.386	460
6.411	400	6.437	461
6.462	415	6.488	461
6.512	433	6.538	461
6.564	451	6.589	460
6.614	470	6.639	461
6.665	489	6.691	461
6.715	508	6.741	462
6.766	524	6.792	462
6.816	537	6.842	462
6.868	546	6.893	462
6.918	552	6.943	462
6.969	553	6.995	462
7.019	549	7.045	462
7.070	541	7.096	463
7.122	529	7.146	462
7.172	514	7.197	462
7.223	497	7.248	462
7.273	477	7.299	462
7.324	457	7.349	462
7.375	438	7.400	462
7.426	419	7.450	462
7.476	403	7.502	461
7.527	391	7.552	461
7.577	381	7.603	461
7.629	377	7.653	461
7.679	376	7.704	460
7.730	380	7.754	461
7.780	388	7.806	461
7.831	399	7.856	460
7.881	414	7.907	461
7.933	430	7.957	461
7.983	448	8.008	461
8.034	467	8.059	461
8.084	486	8.110	461
8.135	503	8.160	462
8.186	519	8.211	462
8.237	533	8.261	462
8.287	542	8.313	463
8.338	549	8.363	463
8.388	550	8.414	463
8.440	546	8.464	463
8.490	539	8.515	463
8.541	528	8.565	463
8.591	514	8.617	463
8.642	497	8.667	463
8.692	478	8.718	463
8.744	459	8.768	462
8.794	440	8.819	462
8.845	422	8.870	461
8.895	406	8.921	461
8.946	394	8.971	461
8.997	385	9.022	461
9.048	381	9.072	460
9.098	382	9.124	460
9.149	385	9.174	461
9.199	392	9.225	461
9.251	402	9.275	460
9.301	415	9.326	461
9.352	431	9.376	460
9.402	448	9.428	461
9.453	466	9.478	462
9.503	484	9.529	461
9.555	501	9.579	462
9.605	515	9.630	462
9.656	527	9.681	463
9.706	536	9.732	463
9.757	540	9.782	463
9.808	542	9.833	463
9.859	539	9.883	463
9.909	531	9.935	463
9.960	522	9.985	463
10.010	508	10.036	463
10.062	493	10.086	462
10.112	476	10.137	462
10.163	458	10.187	462
10.213	440	10.239	462
10.264	425	10.290	461
10.314	410	10.340	460
10.366	399	10.391	461
10.416	391	10.441	460
10.467	388	10.493	460
10.517	387	10.543	460
10.568	390	10.594	460
10.619	398	10.644	460
10.670	408	10.695	461
10.720	421	10.746	461
10.771	436	10.797	461
10.821	451	10.847	461
10.873	467	10.898	462
10.923	483	10.948	462
10.974	499	11.000	463
11.024	513	11.050	462
11.075	524	11.101	464
11.125	533	11.151	463
11.177	538	11.202	464
11.227	539	11.252	464
11.278	537	11.304	463
11.328	531	11.354	462
11.379	521	11.405	462
11.430	507	11.455	462
11.481	494	11.506	461
11.531	477	11.557	461
11.582	460	11.608	460
11.632	444	11.658	461
11.684	428	11.709	459
11.734	415	11.759	460
11.785	404	11.811	460
11.835	395	11.861	460
11.886	392	11.912	460
11.936	391	11.962	460
11.988	394	12.013	461
12.038	400	12.063	462
12.089	409	12.115	462
12.139	421	12.165	462
12.190	435	12.216	463
12.241	449	12.266	462
12.292	466	12.317	463
12.342	482	12.368	463
12.393	497	12.419	464
12.443	510	12.469	463
12.495	521	12.520	463
12.545	529	12.570	463
12.596	534	12.622	462
12.646	537	12.672	462
12.697	534	12.723	462
12.747	528	12.773	462
12.799	518	12.824	461
12.849	506	12.874	461
12.900	492	12.926	461
12.950	477	12.976	461
13.001	460	13.027	460
13.052	444	13.077	460
13.103	430	13.128	461
13.153	416	13.179	461
13.204	406	13.230	461
13.254	398	13.280	460
13.306	395	13.331	461
13.356	395	13.381	462
13.407	397	13.433	461
13.457	403	13.483	462
13.508	412	13.534	462
13.559	423	13.584	462
13.610	437	13.635	462
13.660	451	13.685	462
13.711	467	13.737	463
13.761	482	13.787	463
13.812	497	13.838	462
13.863	510	13.888	462
13.914	521	13.939	462
13.964	528	13.990	462
14.015	532	14.041	462
14.065	534	14.091	462
14.117	531	14.142	461
14.167	524	14.192	461
14.218	515	14.244	462
14.268	503	14.294	461
14.319	490	14.345	461
14.370	476	14.395	461
14.421	461	14.446	461
14.471	446	14.496	461
14.522	433	14.548	461
14.572	421	14.598	461
14.623	411	14.649	461
14.674	404	14.699	461
14.725	399	14.750	461
14.776	399	14.801	462
14.826	402	14.852	462
14.877	408	14.902	462
14.928	416	14.953	462
14.979	427	15.003	462
15.029	439	15.055	462
15.080	453	15.105	462
15.130	468	15.156	462
15.182	482	15.206	462
15.232	495	15.257	463
15.283	508	15.307	462
15.333	517	15.359	462
15.384	524	15.409	462
15.434	528	15.460	462
15.486	528	15.510	462
15.536	526	15.561	462
15.587	521	15.612	461
15.637	512	15.663	462
15.688	502	15.713	461
15.739	490	15.764	461
15.790	477	15.814	461
15.840	463	15.866	461
15.891	449	15.916	462
15.941	436	15.967	461
15.993	424	16.017	461
16.043	414	16.068	461
16.094	407	16.119	462
16.144	403	16.170	461
16.195	401	16.220	462
16.245	405	16.271	463
16.297	409	16.321	462
16.347	418	16.372	462
16.398	429	16.423	463
16.448	441	16.474	462
16.499	453	16.524	462
16.550	466	16.575	462
16.601	481	16.625	462
16.651	494	16.677	462
16.702	506	16.727	462
16.752	515	16.778	462
16.804	522	16.828	462
16.854	525	16.879	462
16.905	525	16.930	461
16.955	524	16.981	462
17.006	519	17.031	461
17.056	511	17.082	461
17.108	501	17.132	461
17.158	489	17.183	462
17.209	476	17.234	462
17.259	463	17.285	462
17.310	448	17.335	462
17.361	436	17.386	461
17.412	425	17.436	462
17.462	416	17.488	462
17.513	410	17.538	462
17.563	408	17.589	462
17.615	406	17.639	462
17.665	408	17.690	462
17.716	413	17.741	462
17.766	420	17.792	462
17.817	430	17.843	462
17.867	441	17.893	462
17.919	454	17.944	462
17.969	467	17.994	461
18.020	480	18.046	461
18.070	493	18.096	462
18.121	503	18.147	461
18.172	512	18.197	462
18.223	519	18.248	461
18.273	521	18.299	462
18.324	522	18.350	462
18.374	520	18.400	461
18.426	515	18.451	461
18.476	508	18.501	462
18.527	499	18.553	462
18.577	488	18.603	462
18.628	475	18.654	462
18.679	463	18.704	462
18.730	450	18.755	461
18.780	438	18.805	462
18.831	427	18.857	462
18.881	419	18.907	462
18.932	413	18.958	462
18.983	409	19.008	462
19.034	409	19.059	462
19.084	411	19.110	462
19.135	416	19.161	462
19.185	423	19.211	462
19.237	432	19.262	461
19.287	442	19.312	461
19.338	453	19.364	461
19.388	466	19.414	461
19.439	479	19.465	461
19.490	490	19.515	461
19.541	500	19.566	461
19.591	508	19.616	461
19.642	515	19.668	462
19.692	518	19.718	462
19.743	519	19.769	462
19.794	517	19.819	461
19.845	512	19.870	462
19.895	506	19.921	462
19.946	496	19.972	462
19.996	486	20.022	462
20.048	475	20.073	462
20.098	462	20.123	463
20.149	450	20.175	462
20.199	438	20.225	462
20.250	428	20.276	462
20.301	421	20.326	462
20.352	414	20.377	462
20.402	411	20.427	462
20.453	411	20.479	461
20.503	413	20.529	461
20.554	417	20.580	461
20.605	424	20.630	461
20.656	432	20.681	462
20.706	442	20.732	461
20.757	453	20.783	462
20.807	464	20.833	461
20.859	476	20.884	462
20.909	487	20.934	462
20.960	497	20.986	461
21.010	505	21.036	462
21.061	511	21.087	462
21.112	514	21.137	462
21.163	514	21.188	461
21.213	513	21.239	462
21.264	508	21.290	462
21.314	502	21.340	462
21.365	493	21.391	462
21.416	483	21.441	462
21.467	472	21.492	462
21.518	460	21.543	462
21.568	449	21.594	462
21.619	438	21.644	462
21.670	430	21.695	462
21.721	422	21.745	462
21.771	416	21.797	462
21.822	413	21.847	461
21.872	412	21.898	462
21.924	415	21.948	461
21.974	419	21.999	461
22.025	425	22.050	461
22.075	433	22.101	461
22.126	442	22.151	461
22.176	453	22.202	462
22.228	463	22.252	461
22.278	474	22.303	462
22.329	484	22.354	461
22.379	492	22.405	462
22.430	500	22.455	462
22.481	506	22.506	463
22.532	509	22.556	462
22.582	510	22.608	462
22.633	509	22.658	461
22.683	504	22.709	462
22.735	497	22.759	462
22.785	489	22.810	462
22.836	480	22.861	462
22.886	469	22.912	462
22.937	459	22.962	462
22.987	448	23.013	462
23.039	439	23.063	462
23.089	430	23.114	462
23.140	423	23.165	461
23.190	418	23.216	461
23.241	415	23.266	461
23.292	415	23.317	461
23.343	417	23.367	460
23.393	420	23.419	461
23.444	426	23.469	461
23.494	434	23.520	461
23.546	442	23.570	461
23.596	451	23.621	461
23.647	461	23.672	461
23.697	471	23.723	461
23.748	480	23.773	462
23.799	488	23.824	462
23.850	496	23.874	462
23.900	500	23.925	462
23.951	504	23.976	462
24.001	505	24.027	462
24.052	504	24.077	463
24.103	500	24.128	462
24.154	495	24.178	463
24.204	487	24.230	462
24.255	478	24.280	462
24.305	468	24.331	462
24.357	458	24.381	462
24.407	448	24.432	462
24.458	439	24.483	462
24.508	432	24.534	461
24.559	424	24.585	461
24.610	419	24.635	461
24.661	417	24.686	461
24.711	416	24.736	462
24.762	418	24.788	461
24.812	422	24.838	461
24.863	427	24.889	461
24.914	434	24.939	461
24.965	442	24.990	461