#Creator: pendulumviewEventBuffer
#Creation time: Wed Feb 22 15:33:09 2017
#Time A	Pos A	Time B	Pos B
#[s]	[au]	[s]	[au]
0.026	579	0.052	594
0.076	580	0.102	597
0.127	578	0.153	595
0.178	579	0.203	596
0.229	578	0.254	594
0.279	578	0.305	596
0.330	578	0.356	596
0.380	579	0.406	595
0.432	580	0.457	595
0.482	579	0.507	598
0.533	579	0.559	597
0.583	580	0.609	595
0.634	577	0.660	594
0.684	575	0.710	591
0.736	576	0.761	593
0.786	578	0.811	593
0.837	575	0.863	591
0.887	575	0.913	594
0.938	575	0.964	594
0.990	575	1.014	594
1.040	573	1.065	596
1.091	572	1.116	594
1.141	574	1.167	594
1.192	574	1.217	594
1.243	577	1.268	594
1.294	575	1.318	596
1.344	573	1.370	596
1.395	572	1.420	598
1.445	571	1.471	595
1.496	572	1.521	596
1.547	572	1.572	597
1.598	574	1.622	598
1.648	578	1.674	597
1.699	579	1.724	598
1.749	579	1.775	596
1.801	577	1.825	598
1.851	573	1.876	599
1.902	574	1.927	598
1.952	571	1.978	596
2.003	569	2.028	598
2.054	568	2.079	595
2.105	565	2.129	598
2.155	564	2.181	596
2.206	564	2.231	595
2.256	566	2.282	594
2.308	568	2.332	592
2.358	569	2.383	592
2.409	572	2.433	588
2.459	573	2.485	591
2.510	574	2.535	589
2.560	576	2.586	586
2.612	575	2.636	588
2.662	576	2.687	587
2.713	576	2.738	587
2.763	577	2.789	588
2.814	574	2.839	588
2.865	576	2.890	588
2.916	575	2.940	589
2.966	575	2.992	587
3.017	579	3.042	588
3.067	579	3.093	587
3.119	579	3.143	588
3.169	576	3.194	588
3.220	576	3.244	586
3.270	577	3.296	587
3.321	578	3.346	588
3.371	577	3.397	586
3.423	576	3.447	588
3.473	576	3.498	585
3.524	578	3.549	578
3.574	573	3.600	567
3.625	563	3.650	552
3.676	547	3.701	535
3.727	526	3.751	513
3.777	502	3.803	492
3.828	474	3.853	469
3.878	445	3.904	449
3.930	417	3.954	429
3.980	390	4.005	414
4.031	366	4.055	400
4.081	346	4.107	392
4.132	333	4.158	388
4.182	325	4.208	390
4.234	322	4.259	396
4.284	327	4.309	407
4.335	338	4.361	422
4.385	354	4.411	439
4.436	376	4.462	460
4.487	401	4.512	481
4.538	429	4.563	503
4.588	457	4.614	524
4.639	485	4.665	543
4.689	512	4.715	558
4.741	536	4.766	571
4.791	554	4.816	579
4.842	568	4.868	583
4.892	575	4.918	581
4.943	578	4.969	575
4.993	571	5.019	565
5.045	560	5.070	551
5.095	542	5.120	534
5.146	521	5.172	514
5.196	495	5.222	494
5.247	466	5.273	473
5.298	438	5.323	452
5.349	410	5.374	433
5.399	384	5.425	418
5.450	360	5.476	405
5.500	343	5.526	397
5.552	331	5.577	393
5.602	324	5.627	394
5.653	324	5.679	400
5.703	330	5.729	410
5.754	342	5.780	424
5.804	360	5.830	440
5.856	382	5.881	460
5.906	408	5.931	480
5.957	435	5.983	501
6.007	464	6.033	520
6.058	492	6.084	538
6.109	518	6.134	553
6.160	540	6.185	566
6.210	557	6.236	574
6.261	569	6.287	578
6.311	576	6.337	577
6.363	575	6.388	572
6.413	568	6.438	563
6.464	556	6.490	550
6.514	536	6.540	535
6.565	514	6.591	515
6.615	488	6.641	496
6.667	459	6.692	476
6.717	431	6.742	456
6.768	404	6.794	438
6.818	378	6.844	423
6.869	357	6.895	410
6.920	341	6.945	402
6.971	330	6.996	397
7.021	325	7.047	398
7.072	326	7.098	402
7.122	334	7.148	411
7.174	347	7.199	425
7.224	365	7.249	439
7.275	388	7.301	458
7.325	415	7.351	477
7.376	442	7.402	497
7.426	470	7.452	515
7.478	498	7.503	534
7.528	523	7.553	548
7.579	543	7.605	561
7.629	559	7.655	569
7.680	570	7.706	574
7.731	575	7.756	574
7.782	573	7.807	570
7.832	564	7.858	562
7.883	550	7.909	550
7.933	531	7.959	535
7.985	507	8.010	518
8.035	482	8.060	499
8.086	452	8.112	479
8.136	425	8.162	460
8.187	398	8.213	442
8.237	374	8.263	427
8.289	354	8.314	414
8.339	339	8.364	405
8.390	330	8.416	400
8.440	325	8.466	400
8.491	329	8.517	404
8.543	338	8.567	411
8.593	353	8.618	423
8.644	372	8.669	438
8.694	396	8.720	455
8.745	422	8.770	474
8.796	450	8.821	493
8.847	478	8.871	512
8.897	504	8.923	530
8.948	528	8.973	545
8.998	547	9.024	558
9.050	562	9.074	567
9.100	570	9.125	573
9.151	573	9.175	573
9.201	569	9.227	570
9.252	559	9.277	563
9.302	544	9.328	551
9.354	524	9.378	537
9.404	499	9.429	520
9.455	473	9.480	502
9.505	446	9.531	482
9.556	418	9.581	464
9.607	393	9.632	446
9.658	370	9.682	430
9.708	351	9.734	417
9.759	339	9.784	408
9.809	330	9.835	402
9.861	328	9.885	401
9.911	333	9.936	403
9.962	343	9.986	411
10.012	359	10.038	421
10.063	379	10.088	435
10.113	404	10.139	452
10.165	429	10.189	470
10.215	457	10.240	490
10.266	483	10.291	508
10.316	509	10.342	527
10.367	531	10.392	543
10.418	549	10.443	556
10.469	561	10.493	565
10.519	569	10.545	572
10.570	570	10.595	573
10.620	564	10.646	571
10.672	554	10.696	564
10.722	538	10.747	554
10.773	517	10.797	540
10.823	493	10.849	524
10.874	466	10.899	505
10.924	439	10.950	487
10.976	413	11.000	468
11.026	388	11.051	448
11.077	367	11.102	433
11.127	350	11.153	419
11.178	339	11.203	409
11.229	332	11.254	402
11.280	332	11.304	400
11.330	338	11.356	402
11.381	349	11.406	408
11.431	365	11.457	419
11.483	386	11.507	432
11.533	410	11.558	449
11.584	437	11.608	467
11.634	463	11.660	487
11.685	489	11.711	505
11.735	513	11.761	525
11.787	534	11.812	541
11.837	550	11.862	555
11.888	560	11.914	566
11.938	567	11.964	573
11.989	566	12.015	575
12.040	560	12.065	573
12.091	548	12.116	567
12.141	531	12.167	556
12.192	510	12.218	543
12.242	485	12.268	527
12.294	459	12.319	508
12.344	434	12.369	489
12.395	407	12.421	469
12.445	384	12.471	451
12.496	365	12.522	433
12.546	349	12.572	419
12.598	339	12.623	408
12.648	335	12.673	401
12.699	336	12.725	398
12.749	344	12.775	400
12.800	356	12.826	406
12.851	373	12.876	416
12.902	394	12.927	430
12.952	418	12.978	446
13.003	443	13.029	465
13.053	469	13.079	485
13.105	494	13.130	505
13.155	517	13.180	524
13.206	536	13.232	541
13.256	550	13.282	556
13.307	560	13.333	567
13.357	564	13.383	574
13.409	562	13.434	576
13.459	554	13.484	575
13.510	541	13.536	570
13.560	524	13.586	559
13.611	503	13.637	545
13.662	478	13.687	530
13.713	453	13.738	510
13.763	428	13.789	490
13.814	404	13.840	471
13.864	382	13.890	451
13.916	363	13.941	433
13.966	351	13.991	418
14.017	341	14.043	407
14.067	339	14.093	399
14.118	341	14.144	397
14.168	349	14.194	397
14.220	362	14.245	403
14.270	379	14.295	414
14.321	400	14.347	428
14.371	424	14.397	444
14.422	449	14.448	463
14.473	474	14.498	484
14.524	497	14.549	504
14.574	519	14.600	524
14.625	536	14.651	542
14.675	549	14.701	557
14.727	557	14.752	568
14.777	560	14.802	577
14.828	557	14.854	580
14.878	548	14.904	578
14.929	535	14.955	572
14.980	517	15.005	562
15.031	496	15.056	548
15.081	472	15.106	532
15.132	448	15.158	512
15.182	423	15.208	491
15.233	401	15.259	471
15.284	380	15.309	450
15.335	364	15.360	432
15.385	351	15.411	416
15.436	344	15.462	404
15.486	342	15.512	396
15.538	346	15.563	393
15.588	355	15.613	394
15.639	368	15.665	401
15.689	386	15.715	411
15.740	407	15.766	425
15.791	430	15.816	443
15.842	455	15.867	462
15.892	478	15.917	484
15.943	501	15.969	504
15.993	520	16.019	525
16.044	536	16.070	543
16.095	547	16.120	559
16.146	554	16.171	571
16.197	556	16.222	579
16.247	551	16.273	582
16.298	542	16.323	580
16.349	527	16.374	575
16.400	510	16.424	564
16.450	489	16.476	550
16.501	466	16.526	533
16.551	443	16.577	513
16.603	420	16.627	491
16.653	398	16.678	470
16.704	379	16.728	447
16.754	364	16.780	430
16.805	354	16.830	414
16.855	348	16.881	401
16.907	347	16.931	393
16.957	352	16.982	389
17.008	362	17.033	391
17.058	376	17.084	398
17.109	393	17.134	409
17.160	414	17.185	424
17.211	436	17.235	442
17.261	459	17.287	463
17.312	481	17.337	485
17.362	502	17.388	506
17.414	520	17.438	527
17.464	534	17.489	546
17.515	545	17.540	562
17.565	549	17.591	575
17.616	550	17.641	582
17.666	545	17.692	585
17.718	535	17.742	584
17.768	521	17.793	577
17.819	503	17.844	566
17.869	483	17.895	551
17.920	461	17.945	533
17.971	439	17.996	512
18.022	417	18.046	490
18.072	397	18.098	468
18.123	380	18.148	446
18.173	366	18.199	427
18.225	358	18.249	410
18.275	352	18.300	398
18.326	353	18.351	390
18.376	358	18.402	386
18.427	367	18.452	389
18.477	382	18.503	396
18.529	399	18.553	408
18.579	419	18.604	423
18.630	440	18.655	442
18.680	463	18.706	463
18.731	484	18.756	486
18.782	503	18.807	508
18.833	519	18.857	530
18.883	532	18.909	550
18.934	541	18.959	566
18.984	545	19.010	578
19.036	545	19.060	586
19.086	539	19.111	589
19.137	529	19.162	586
19.187	514	19.213	579
19.238	498	19.264	567
19.288	478	19.314	552
19.340	457	19.365	532
19.390	436	19.415	510
19.441	416	19.467	488
19.491	397	19.517	465
19.542	381	19.568	443
19.593	369	19.618	423
19.644	361	19.669	406
19.694	357	19.720	394
19.745	358	19.771	386
19.795	364	19.821	383
19.847	374	19.872	386
19.897	388	19.922	393
19.948	405	19.974	407
19.998	425	20.024	423
20.049	445	20.075	443
20.100	465	20.125	466
20.151	485	20.176	489
20.201	503	20.226	512
20.252	518	20.278	534
20.302	529	20.328	554
20.353	537	20.379	570
20.404	540	20.429	582
20.455	539	20.480	590
20.505	533	20.531	592
20.556	522	20.582	589
20.606	509	20.632	581
20.658	492	20.683	568
20.708	474	20.733	551
20.759	453	20.785	531
20.809	434	20.835	508
20.860	415	20.886	485
20.911	398	20.936	461
20.962	383	20.987	438
21.012	373	21.037	419
21.063	365	21.089	402
21.113	363	21.139	391
21.164	365	21.190	383
21.215	371	21.240	381
21.266	381	21.291	384
21.316	395	21.342	393
21.367	411	21.393	407
21.417	429	21.443	425
21.469	448	21.494	445
21.519	467	21.544	468
21.570	485	21.596	493
21.620	501	21.646	516
21.671	515	21.697	538
21.722	525	21.747	559
21.773	532	21.798	575
21.823	535	21.848	586
21.874	533	21.900	593
21.924	527	21.950	594
21.975	516	22.001	591
22.026	503	22.051	581
22.077	487	22.102	567
22.127	470	22.153	550
22.178	451	22.204	529
22.228	434	22.254	505
22.280	415	22.305	481
22.330	399	22.355	457
22.381	387	22.407	434
22.431	377	22.457	415
22.482	371	22.508	398
22.533	368	22.558	386
22.584	371	22.609	380
22.634	376	22.660	379
22.685	386	22.711	383
22.735	399	22.761	393
22.786	415	22.812	407
22.837	431	22.862	427
22.888	450	22.913	448
22.939	467	22.964	472
22.989	485	23.015	497
23.040	500	23.065	521
23.091	512	23.116	545
23.142	522	23.166	563
23.192	527	23.218	579
23.243	529	23.268	590
23.293	527	23.319	596
23.345	521	23.369	596
23.395	512	23.420	591
23.446	498	23.471	581
23.496	483	23.522	566
23.547	466	23.572	547
23.597	449	23.623	525
23.649	432	23.673	501
23.699	416	23.724	476
23.750	401	23.775	451
23.800	390	23.826	429
23.851	381	23.876	410
23.902	375	23.927	394
23.953	373	23.977	383
24.003	376	24.029	377
24.054	382	24.079	377
24.104	391	24.130	382
24.156	403	24.180	394
24.206	418	24.231	409
24.257	434	24.282	429
24.307	450	24.333	452
24.358	467	24.383	476
24.408	483	24.434	502
24.460	497	24.484	527
24.510	508	24.535	549
24.561	517	24.586	567
24.611	522	24.637	583
24.662	524	24.687	593
24.713	522	24.738	599
24.764	516	24.788	598
24.814	507	24.840	592
24.865	495	24.890	580
24.915	481	24.941	564
24.967	465	24.991	543
25.017	449	25.042	521
25.068	433	25.093	496
25.118	417	25.144	470
25.169	404	25.194	446
25.220	394	25.245	423
25.271	384	25.295	404
25.321	380	25.346	389
25.372	378	25.397	379
25.422	381	25.448	374
25.473	386	25.498	376
25.524	395	25.549	383
25.575	406	25.599	396
25.625	420	25.651	412
25.676	436	25.701	434
25.726	451	25.752	458
25.778	467	25.802	483
25.828	481	25.853	509
25.879	495	25.904	533
25.929	505	25.955	555
25.980	513	26.006	574
26.031	518	26.056	588
26.082	520	26.107	596
26.132	517	26.157	601
26.183	512	26.209	598
26.233	503	26.259	591
26.284	492	26.310	578
26.335	479	26.360	560
26.386	464	26.411	539
26.436	449	26.462	515
26.487	434	26.513	489
26.537	420	26.563	464
26.589	407	26.614	439
26.639	397	26.664	417
26.690	389	26.716	399
26.740	384	26.766	385
26.791	382	26.817	377
26.842	385	26.867	373
26.893	391	26.918	376
26.943	398	26.968	385
26.994	410	27.020	399
27.044	422	27.070	417
27.095	436	27.121	440
27.146	451	27.171	463
27.197	465	27.222	489
27.247	478	27.273	515
27.298	491	27.324	538
27.348	501	27.374	560
27.400	509	27.425	579
27.450	513	27.475	591
27.501	514	27.527	598
27.551	513	27.577	601
27.602	508	27.628	596
27.653	500	27.678	588
27.704	490	27.729	574
27.754	477	27.780	556
27.805	464	27.831	533
27.855	450	27.881	509
27.906	436	27.932	483
27.957	423	27.982	458
28.008	411	28.033	434
28.058	401	28.084	413
28.109	393	28.135	396
