#Creator: pendulumviewEventBuffer
#Creation time: Wed Feb 22 15:33:09 2017
#Time A	Pos A	Time B	Pos B
#[s]	[au]	[s]	[au]
0.024	465	0.050	464
0.076	465	0.101	465
0.126	465	0.151	464
0.177	465	0.203	465
0.227	466	0.253	465
0.278	465	0.304	464
0.329	465	0.354	465
0.380	465	0.405	465
0.430	465	0.456	464
0.481	465	0.507	465
0.531	465	0.557	464
0.583	465	0.608	465
0.633	465	0.658	465
0.684	465	0.710	464
0.735	465	0.760	465
0.785	464	0.811	464
0.836	464	0.861	464
0.887	464	0.912	464
0.938	465	0.962	464
0.988	465	1.014	464
1.039	464	1.064	464
1.089	465	1.115	465
1.141	464	1.165	464
1.191	465	1.216	464
1.242	465	1.267	465
1.292	464	1.318	465
1.343	465	1.368	464
1.394	465	1.419	464
1.445	465	1.469	464
1.495	465	1.521	464
1.546	465	1.571	464
1.596	465	1.622	465
1.647	465	1.672	465
1.698	465	1.723	464
1.749	465	1.773	464
1.799	464	1.825	464
1.850	465	1.875	464
1.900	465	1.926	464
1.952	465	1.976	464
2.002	464	2.027	464
2.053	465	2.078	464
2.103	464	2.129	465
2.154	465	2.179	464
2.205	465	2.230	464
2.256	464	2.280	464
2.306	465	2.332	464
2.357	465	2.382	465
2.407	465	2.433	464
2.458	465	2.483	464
2.509	464	2.534	464
2.560	465	2.584	464
2.610	465	2.636	465
2.661	465	2.686	464
2.711	465	2.737	465
2.763	465	2.787	465
2.813	465	2.838	464
2.864	465	2.889	465
2.914	465	2.940	464
2.965	465	2.990	464
3.016	465	3.041	464
3.067	465	3.091	464
3.117	465	3.143	465
3.168	465	3.193	464
3.218	464	3.244	465
3.270	465	3.294	464
3.320	465	3.345	464
3.371	465	3.396	464
3.421	465	3.447	464
3.472	465	3.498	464
3.522	465	3.548	464
3.574	465	3.599	464
3.624	464	3.649	465
3.675	465	3.701	465
3.725	465	3.751	464
3.776	465	3.802	465
3.827	465	3.852	465
3.878	466	3.903	465
3.928	465	3.954	464
3.979	465	4.005	465
4.029	465	4.055	465
4.081	465	4.106	464
4.131	465	4.156	464
4.182	465	4.207	464
4.232	465	4.258	464
4.283	465	4.309	464
4.333	465	4.359	465
4.385	465	4.410	464
4.435	465	4.460	464
4.486	465	4.512	464
4.536	465	4.562	464
4.587	464	4.613	464
4.638	465	4.663	464
4.689	465	4.714	464
4.739	464	4.765	464
4.790	465	4.816	464
4.840	465	4.866	464
4.892	465	4.917	465
4.942	465	4.967	465
4.993	465	5.018	465
5.043	465	5.069	465
5.094	465	5.120	464
5.144	464	5.170	465
5.196	465	5.221	465
5.246	465	5.271	465
5.297	465	5.323	465
5.347	465	5.373	465
5.398	465	5.424	465
5.449	465	5.474	464
5.500	465	5.525	464
5.550	465	5.576	465
5.601	465	5.627	464
5.651	465	5.677	464
5.703	465	5.728	464
5.753	465	5.778	464
5.804	465	5.830	465
5.854	465	5.880	464
5.905	465	5.931	464
5.955	465	5.981	464
6.007	465	6.032	464
6.057	464	6.082	464
6.108	465	6.134	465
6.158	465	6.184	465
6.209	466	6.235	465
6.260	465	6.285	465
6.311	465	6.336	464
6.361	465	6.387	465
6.412	465	6.438	465
6.462	465	6.488	465
6.514	465	6.539	464
6.564	465	6.589	464
6.615	465	6.641	464
6.665	465	6.691	464
6.716	465	6.742	464
6.766	464	6.792	464
6.818	465	6.843	464
6.868	465	6.893	464
6.919	464	6.945	464
6.969	465	6.995	464
7.020	464	7.046	464
7.071	465	7.096	464
7.122	465	7.147	464
7.172	464	7.198	464
7.223	465	7.249	464
7.273	465	7.299	464
7.325	465	7.350	464
7.375	465	7.400	464
7.426	465	7.452	465
7.476	465	7.502	465
7.527	465	7.553	464
7.577	465	7.603	465
7.629	465	7.654	464
7.679	465	7.704	465
7.730	465	7.756	465
7.780	465	7.806	464
7.831	465	7.857	464
7.882	465	7.907	465
7.933	465	7.958	464
7.983	465	8.009	465
8.034	466	8.060	465
8.084	465	8.110	465
8.136	465	8.161	464
8.186	465	8.211	464
8.237	465	8.263	465
8.287	465	8.313	464
8.338	465	8.364	464
8.388	465	8.414	464
8.440	465	8.465	465
8.490	465	8.515	464
8.541	465	8.567	465
8.591	465	8.617	464
8.642	465	8.668	465
8.693	465	8.718	464
8.744	465	8.769	464
8.794	465	8.820	464
8.845	465	8.871	464
8.895	465	8.921	464
8.947	465	8.972	465
8.997	465	9.022	464
9.048	465	9.074	464
9.098	465	9.124	464
9.149	465	9.175	464
9.199	465	9.225	464
9.251	466	9.276	464
9.301	465	9.326	464
9.352	464	9.378	465
9.402	465	9.428	464
9.453	465	9.479	464
9.504	465	9.529	465
9.555	465	9.580	464
9.606	466	9.631	465
9.656	465	9.682	464
9.707	465	9.732	464
9.758	465	9.783	464
9.809	465	9.833	464
9.859	465	9.885	464
9.910	465	9.935	464
9.960	465	9.986	464
10.012	465	10.036	464
10.062	465	10.087	464
10.113	465	10.137	464
10.163	465	10.189	464
10.214	465	10.239	464
10.264	466	10.290	464
10.316	465	10.340	464
10.366	465	10.391	464
10.417	465	10.442	465
10.467	466	10.493	465
10.518	465	10.543	465
10.569	465	10.594	464
10.620	465	10.644	464
10.670	465	10.696	464
10.721	465	10.746	464
10.771	465	10.797	465
10.823	465	10.847	464
10.873	465	10.898	464
10.924	465	10.948	464
10.974	465	11.000	464
11.025	465	11.050	464
11.075	465	11.101	464
11.127	465	11.151	465
11.177	465	11.202	465
11.228	465	11.253	464
11.278	465	11.304	464
11.329	465	11.354	464
11.380	465	11.405	464
11.431	465	11.455	464
11.481	465	11.507	464
11.532	465	11.557	464
11.582	465	11.608	464
11.634	465	11.658	465
11.684	465	11.709	465
11.735	465	11.759	464
11.785	465	11.811	465
11.836	465	11.861	464
11.886	465	11.912	465
11.938	465	11.962	465
11.988	465	12.013	464
12.039	465	12.064	464
12.089	465	12.115	464
12.140	465	12.165	465
12.191	465	12.216	464
12.242	465	12.266	464
12.292	464	12.318	463
12.343	465	12.368	464
12.393	465	12.419	464
12.445	465	12.469	464
12.495	465	12.520	464
12.546	466	12.570	464
12.596	466	12.622	464
12.647	465	12.673	465
12.697	465	12.723	465
12.749	465	12.774	464
12.799	465	12.824	464
12.850	466	12.876	464
12.900	465	12.926	465
12.951	465	12.977	464
13.002	465	13.027	464
13.053	465	13.078	464
13.103	465	13.129	465
13.154	465	13.180	464
13.204	465	13.230	464
13.256	466	13.281	464
13.306	465	13.331	465
13.357	466	13.383	464
13.407	465	13.433	464
13.458	465	13.484	465
13.508	466	13.534	464
13.560	465	13.585	464
13.610	465	13.635	464
13.661	465	13.687	465
13.711	465	13.737	464
13.762	465	13.788	464
13.813	465	13.838	464
13.864	466	13.889	465
13.914	465	13.940	465
13.965	465	13.991	465
14.015	465	14.041	465
14.067	465	14.092	465
14.117	466	14.142	465
14.168	465	14.194	465
14.218	465	14.244	465
14.269	465	14.295	465
14.319	465	14.345	465
14.371	466	14.396	464
14.421	465	14.446	465
14.472	465	14.498	464
14.522	465	14.548	464
14.573	466	14.599	464
14.624	465	14.649	464
14.675	465	14.700	464
14.725	465	14.751	464
14.776	465	14.802	464
14.826	466	14.852	465
14.878	466	14.903	464
14.928	466	14.953	465
14.979	466	15.005	465
15.029	466	15.055	465
15.080	465	15.106	465
15.130	465	15.156	465
15.182	465	15.207	465
