#Creator: pendulumSimpleEventBuffer
#Creation time: Wed Mar  1 17:42:31 2017
#Id	Edge	Time
#[]	[b]	[s]
0	0	0.491016
1	1	0.523264
2	0	1.551952
3	1	1.584268
4	0	2.609168
5	1	2.641576
6	0	3.670048
7	1	3.702520
8	0	4.727236
9	1	4.759808
10	0	5.788124
11	1	5.820752
12	0	6.845268
13	1	6.878000
14	0	7.906164
15	1	7.938952
16	0	8.963232
17	1	8.996124
18	0	10.024156
19	1	10.057116
20	0	11.081180
21	1	11.114248
22	0	12.142060
23	1	12.175196
24	0	13.199124
25	1	13.232348
26	0	14.259980
27	1	14.293276
28	0	15.316964
29	1	15.350360
30	0	16.377796
31	1	16.411252
32	0	17.434824
33	1	17.468376
34	0	18.495612
35	1	18.529232
36	0	19.552648
37	1	19.586364
38	0	20.613404
39	1	20.647200
40	0	21.670348
41	1	21.704240
42	0	22.731144
43	1	22.765120
44	0	23.788072
45	1	23.822132
46	0	24.848836
47	1	24.882956
48	0	25.905692
49	1	25.939940
50	0	26.966464
51	1	27.000772
52	0	28.023220
53	1	28.057620
54	0	29.084012
55	1	29.118492
56	0	30.140784
57	1	30.175372
58	0	31.201472
59	1	31.236128
60	0	32.258236
61	1	32.293024
62	0	33.318836
63	1	33.353672
64	0	34.375540
65	1	34.410484
66	0	35.436196
67	1	35.471204
68	0	36.492820
69	1	36.527944
70	0	37.553484
71	1	37.588680
72	0	38.610068
73	1	38.645368
74	0	39.670768
75	1	39.706132
76	0	40.727276
77	1	40.762752
78	0	41.788036
79	1	41.823568
80	0	42.844568
81	1	42.880232
82	0	43.905176
83	1	43.940900
84	0	44.961772
85	1	44.997600
86	0	46.022396
87	1	46.058296
88	0	47.078952
89	1	47.114976
90	0	48.139556
91	1	48.175656
92	0	49.196112
93	1	49.232300
94	0	50.256688
95	1	50.292948
96	0	51.313156
97	1	51.349536
98	0	52.373924
99	1	52.410376
100	0	53.430360
101	1	53.466920
102	0	54.490884
103	1	54.527520
104	0	55.547444
105	1	55.584180
106	0	56.607868
107	1	56.644696
108	0	57.664460
109	1	57.701392
110	0	58.724828
111	1	58.761832
112	0	59.781460
113	1	59.818584
114	0	60.841800
115	1	60.878996
116	0	61.898376
117	1	61.935680
118	0	62.958728
119	1	62.996108
120	0	64.015264
121	1	64.052756
122	0	65.075552
123	1	65.113120
124	0	66.132068
125	1	66.169760
126	0	67.192308
127	1	67.230052
128	0	68.248796
129	1	68.286668
130	0	69.308876
131	1	69.346816
132	0	70.365360
133	1	70.403432
134	0	71.425368
135	1	71.463476
136	0	72.481860
137	1	72.520096
138	0	73.541824
139	1	73.580128
140	0	74.598452
141	1	74.636880
142	0	75.658028
143	1	75.696564
144	0	76.714796
145	1	76.753420
146	0	77.774572
147	1	77.813264
148	0	78.831176
149	1	78.869976
150	0	79.890908
151	1	79.929784
152	0	80.947560
153	1	80.986572
154	0	82.007304
155	1	82.046392
156	0	83.063972
157	1	83.103164
158	0	84.123728
159	1	84.162992
160	0	85.180268
161	1	85.219656
162	0	86.240140
163	1	86.279588
164	0	87.296692
165	1	87.336280
166	0	88.356464
167	1	88.396128
168	0	89.412932
169	1	89.452712
170	0	90.472756
171	1	90.512616
172	0	91.529164
173	1	91.569140
174	0	92.588976
175	1	92.629036
176	0	93.645388
177	1	93.685560
178	0	94.705148
179	1	94.745396
180	0	95.761576
181	1	95.801964
182	0	96.821044
183	1	96.861532
184	0	97.877564
185	1	97.918212
186	0	98.937028
187	1	98.977764
188	0	99.993544
189	1	100.034400
190	0	101.053136
191	1	101.094068
192	0	102.109548
193	1	102.150632
194	0	103.169200
195	1	103.210352
196	0	104.225708
197	1	104.267000
198	0	105.285392
199	1	105.326744
200	0	106.341684
201	1	106.383184
202	0	107.401364
203	1	107.442924
204	0	108.457704
205	1	108.499400
206	0	109.517432
207	1	109.559200
208	0	110.573628
209	1	110.615540
210	0	111.633380
211	1	111.675340
212	0	112.689532
213	1	112.731624
214	0	113.749288
215	1	113.791468
216	0	114.805464
217	1	114.847768
218	0	115.865248
219	1	115.907620
220	0	116.921400
221	1	116.963904
222	0	117.981100
223	1	118.023680
224	0	119.037232
225	1	119.079944
226	0	120.096812
227	1	120.139600
228	0	121.153000
229	1	121.195920
230	0	122.212284
231	1	122.255284
232	0	123.268752
233	1	123.311920
234	0	124.327996
235	1	124.371248
236	0	125.384196
237	1	125.427612
238	0	126.443592
239	1	126.487088
240	0	127.499820
241	1	127.543448
242	0	128.559280
243	1	128.602980
244	0	129.615460
245	1	129.659312
246	0	130.674748
247	1	130.718672
248	0	131.731072
249	1	131.775140
250	0	132.790352
251	1	132.834516
252	0	133.846476
253	1	133.890784
254	0	134.906020
255	1	134.950376
256	0	135.961984
257	1	136.006520
258	0	137.021496
259	1	137.066104
260	0	138.077532
261	1	138.122276
262	0	139.137100
263	1	139.181936
264	0	140.193088
265	1	140.238064
266	0	141.252600
267	1	141.297652
268	0	142.308584
269	1	142.353792
270	0	143.368140
271	1	143.413408
272	0	144.423956
273	1	144.469372
274	0	145.483664
275	1	145.529148
276	0	146.539320
277	1	146.584952
278	0	147.599048
279	1	147.644756
280	0	148.654676
281	1	148.700540
282	0	149.714396
283	1	149.760320
284	0	150.769988
285	1	150.816088
286	0	151.829704
287	1	151.875864
288	0	152.885288
289	1	152.931604
290	0	153.945040
291	1	153.991424
292	0	155.000576
293	1	155.047112
294	0	156.060432
295	1	156.107028
296	0	157.115868
297	1	157.162624
298	0	158.175648
299	1	158.222484
300	0	159.231140
301	1	159.278116
302	0	160.290928
303	1	160.337980
304	0	161.346424
305	1	161.393628
306	0	162.406176
307	1	162.453460
308	0	163.461616
309	1	163.509056
310	0	164.521352
311	1	164.568872
312	0	165.576808
313	1	165.624464
314	0	166.636508
315	1	166.684268
316	0	167.691944
317	1	167.739860
318	0	168.751672
319	1	168.799644
320	0	169.807084
321	1	169.855228
322	0	170.866764
323	1	170.914976
324	0	171.922208
325	1	171.970596
326	0	172.981736
327	1	173.030216
328	0	174.037152
329	1	174.085812
330	0	175.096608
331	1	175.145372
332	0	176.152028
333	1	176.200948
334	0	177.211368
335	1	177.260396
336	0	178.266892
337	1	178.316100
338	0	179.326256
339	1	179.375580
340	0	180.381652
341	1	180.431144
342	0	181.441204
343	1	181.490816
344	0	182.496644
345	1	182.546420
346	0	183.556152
347	1	183.606012
348	0	184.611616
349	1	184.661656
350	0	185.671076
351	1	185.721240
352	0	186.726372
353	1	186.776684
354	0	187.785792
355	1	187.836224
356	0	188.841228
357	1	188.891836
358	0	189.900748
359	1	189.951496
360	0	190.955908
361	1	191.006796
362	0	192.015636
363	1	192.066624
364	0	193.070708
365	1	193.121844
366	0	194.130548
367	1	194.181812
368	0	195.185568
369	1	195.236972
370	0	196.245452
371	1	196.296968
372	0	197.300288
373	1	197.351960
374	0	198.360292
375	1	198.412068
376	0	199.415112
377	1	199.467032
378	0	200.475108
379	1	200.527144
380	0	201.529928
381	1	201.582112
382	0	202.589864
383	1	202.642168
384	0	203.644780
385	1	203.697224
386	0	204.704628
387	1	204.757168
388	0	205.759528
389	1	205.812252
390	0	206.819372
391	1	206.872204
392	0	207.874292
393	1	207.927292
394	0	208.934112
395	1	208.987204
396	0	209.988948
397	1	210.042220
398	0	211.048832
399	1	211.102204
400	0	212.103668
401	1	212.157212
402	0	213.163496
403	1	213.217132
404	0	214.218396
405	1	214.272208
406	0	215.278128
407	1	215.332068
408	0	216.333004
409	1	216.387140
410	0	217.392464
411	1	217.446708
412	0	218.447464
413	1	218.501904
414	0	219.507104
415	1	219.561664
416	0	220.562008
417	1	220.616756
418	0	221.621704
419	1	221.676592
420	0	222.676392
421	1	222.731452
422	0	223.736012
423	1	223.791196
424	0	224.790636
425	1	224.845976
426	0	225.850600
427	1	225.906060
428	0	226.905028
429	1	226.960676
430	0	227.964816
431	1	228.020604
432	0	229.019120
433	1	229.075100
434	0	230.079016
435	1	230.135088
436	0	231.133204
437	1	231.189480
438	0	232.193076
439	1	232.249464
440	0	233.247416
441	1	233.303956
442	0	234.307188
443	1	234.363872
444	0	235.361392
445	1	235.418280
446	0	236.421220
447	1	236.478228
448	0	237.475408
449	1	237.532588
450	0	238.535392
451	1	238.592696
452	0	239.589456
453	1	239.646924
454	0	240.649560
455	1	240.707144
456	0	241.703624
457	1	241.761388
458	0	242.763772
459	1	242.821636
460	0	243.817776
461	1	243.875812
462	0	244.877908
463	1	244.936048
464	0	245.931904
465	1	245.990228
466	0	246.992024
467	1	247.050456
468	0	248.046032
469	1	248.104616
470	0	249.106160
471	1	249.164856
472	0	250.160108
473	1	250.218988
474	0	251.220248
475	1	251.279224
476	0	252.274232
477	1	252.333388
478	0	253.334440
479	1	253.393708
480	0	254.388112
481	1	254.447564
482	0	255.448516
483	1	255.508072
484	0	256.502288
485	1	256.562048
486	0	257.562668
487	1	257.622484
488	0	258.616308
489	1	258.676332
490	0	259.676708
491	1	259.736824
492	0	260.730392
493	1	260.790676
494	0	261.790776
495	1	261.851200
496	0	262.844436
497	1	262.905084
498	0	263.904600
499	1	263.965384
500	0	264.958400
501	1	265.019292
502	0	266.018692
503	1	266.079720
504	0	267.072260
505	1	267.133444
506	0	268.132660
507	1	268.193956
508	0	269.186216
509	1	269.247692
510	0	270.246520
511	1	270.308096
512	0	271.300208
513	1	271.361984
514	0	272.360264
515	1	272.422132
516	0	273.414052
517	1	273.476140
518	0	274.473988
519	1	274.536204
520	0	275.527736
521	1	275.590172
522	0	276.587848
523	1	276.650424
524	0	277.641480
525	1	277.704256
526	0	278.701768
527	1	278.764660
528	0	279.755380
529	1	279.818456
530	0	280.815764
531	1	280.878936
532	0	281.869080
533	1	281.932464
534	0	282.929728
535	1	282.993216
536	0	283.982884
537	1	284.046608
538	0	285.043584
539	1	285.107392
540	0	286.096768
541	1	286.160768
542	0	287.157444
543	1	287.221552
544	0	288.210516
545	1	288.274832
546	0	289.271276
547	1	289.335724
548	0	290.324304
549	1	290.388960
550	0	291.384828
551	1	291.449620
552	0	292.438084
553	1	292.503088
554	0	293.498412
555	1	293.563536
