#Creator: pendulumSimpleEventBuffer
#Creation time: Wed Mar  1 17:42:31 2017
#Id	Edge	Time
#[]	[b]	[s]
0	0	0.349648
1	1	0.373624
2	0	1.413008
3	1	1.437024
4	0	2.471224
5	1	2.495328
6	0	3.534532
7	1	3.558672
8	0	4.592784
9	1	4.617008
10	0	5.656176
11	1	5.680440
12	0	6.714336
13	1	6.738680
14	0	7.777592
15	1	7.801984
16	0	8.835768
17	1	8.860236
18	0	9.899028
19	1	9.923524
20	0	10.956972
21	1	10.981564
22	0	12.020476
23	1	12.045100
24	0	13.078220
25	1	13.102924
26	0	14.141808
27	1	14.166552
28	0	15.199436
29	1	15.224268
30	0	16.263028
31	1	16.287900
32	0	17.320624
33	1	17.345568
34	0	18.384196
35	1	18.409188
36	0	19.441752
37	1	19.466828
38	0	20.505280
39	1	20.530384
40	0	21.562800
41	1	21.588000
42	0	22.626296
43	1	22.651532
44	0	23.683940
45	1	23.709244
46	0	24.747308
47	1	24.772656
48	0	25.804744
49	1	25.830168
50	0	26.868152
51	1	26.893628
52	0	27.925552
53	1	27.951108
54	0	28.988888
55	1	29.014492
56	0	30.046320
57	1	30.072012
58	0	31.109592
59	1	31.135324
60	0	32.167052
61	1	32.192864
62	0	33.230312
63	1	33.256164
64	0	34.287720
65	1	34.313660
66	0	35.350900
67	1	35.376892
68	0	36.408224
69	1	36.434296
70	0	37.471464
71	1	37.497584
72	0	38.528724
73	1	38.554920
74	0	39.591900
75	1	39.618160
76	0	40.649172
77	1	40.675504
78	0	41.712264
79	1	41.738648
80	0	42.769516
81	1	42.795984
82	0	43.832616
83	1	43.859128
84	0	44.889740
85	1	44.916340
86	0	45.952932
87	1	45.979584
88	0	47.009840
89	1	47.036564
90	0	48.073224
91	1	48.099996
92	0	49.130032
93	1	49.156892
94	0	50.193292
95	1	50.220204
96	0	51.250188
97	1	51.277164
98	0	52.313380
99	1	52.340412
100	0	53.370240
101	1	53.397356
102	0	54.433424
103	1	54.460580
104	0	55.490268
105	1	55.517512
106	0	56.553420
107	1	56.580716
108	0	57.610204
109	1	57.637576
110	0	58.673340
111	1	58.700772
112	0	59.729988
113	1	59.757500
114	0	60.793188
115	1	60.820752
116	0	61.849784
117	1	61.877440
118	0	62.913016
119	1	62.940668
120	0	63.969540
121	1	63.997320
122	0	65.032884
123	1	65.060712
124	0	66.089188
125	1	66.117116
126	0	67.152496
127	1	67.180476
128	0	68.208852
129	1	68.236908
130	0	69.272108
131	1	69.300216
132	0	70.328420
133	1	70.356616
134	0	71.391664
135	1	71.419916
136	0	72.448024
137	1	72.476348
138	0	73.511152
139	1	73.539540
140	0	74.567452
141	1	74.595932
142	0	75.630616
143	1	75.659136
144	0	76.686876
145	1	76.715476
146	0	77.749964
147	1	77.778620
148	0	78.806220
149	1	78.834960
150	0	79.869268
151	1	79.898064
152	0	80.925520
153	1	80.954400
154	0	81.988556
155	1	82.017500
156	0	83.044840
157	1	83.073868
158	0	84.107816
159	1	84.136900
160	0	85.164100
161	1	85.193276
162	0	86.227004
163	1	86.256244
164	0	87.283268
165	1	87.312576
166	0	88.346200
167	1	88.375580
168	0	89.402388
169	1	89.431840
170	0	90.465352
171	1	90.494876
172	0	91.521432
173	1	91.551032
174	0	92.584440
175	1	92.614096
176	0	93.640436
177	1	93.670188
178	0	94.703420
179	1	94.733232
180	0	95.759412
181	1	95.789304
182	0	96.822404
183	1	96.852364
184	0	97.878304
185	1	97.908348
186	0	98.941324
187	1	98.971432
188	0	99.997164
189	1	100.027364
190	0	101.060324
191	1	101.090556
192	0	102.115936
193	1	102.146268
194	0	103.179132
195	1	103.209532
196	0	104.234684
197	1	104.265180
198	0	105.297864
199	1	105.328424
200	0	106.353388
201	1	106.384032
202	0	107.416512
203	1	107.447216
204	0	108.472084
205	1	108.502868
206	0	109.535280
207	1	109.566136
208	0	110.590756
209	1	110.621692
210	0	111.653936
211	1	111.684932
212	0	112.709436
213	1	112.740532
214	0	113.772504
215	1	113.803664
216	0	114.828004
217	1	114.859264
218	0	115.891108
219	1	115.922416
220	0	116.946604
221	1	116.978000
222	0	118.009632
223	1	118.041092
224	0	119.065212
225	1	119.096764
226	0	120.128136
227	1	120.159744
228	0	121.183736
229	1	121.215448
230	0	122.246624
231	1	122.278392
232	0	123.302164
233	1	123.334028
234	0	124.365072
235	1	124.396996
236	0	125.420492
237	1	125.452508
238	0	126.483508
239	1	126.515588
240	0	127.538820
241	1	127.571000
242	0	128.601776
243	1	128.634016
244	0	129.657072
245	1	129.689404
246	0	130.719924
247	1	130.752308
248	0	131.775196
249	1	131.807700
250	0	132.837936
251	1	132.870504
252	0	133.893296
253	1	133.925972
254	0	134.955960
255	1	134.988704
256	0	136.011332
257	1	136.044180
258	0	137.074012
259	1	137.106928
260	0	138.129436
261	1	138.162468
262	0	139.192128
263	1	139.225216
264	0	140.247452
265	1	140.280652
266	0	141.310220
267	1	141.343468
268	0	142.365432
269	1	142.398808
270	0	143.428268
271	1	143.461688
272	0	144.483404
273	1	144.516936
274	0	145.546096
275	1	145.579684
276	0	146.601300
277	1	146.635004
278	0	147.663828
279	1	147.697592
280	0	148.719020
281	1	148.752924
282	0	149.781512
283	1	149.815480
284	0	150.836604
285	1	150.870688
286	0	151.899220
287	1	151.933380
288	0	152.954072
289	1	152.988352
290	0	154.016764
291	1	154.051112
292	0	155.071608
293	1	155.106100
294	0	156.134320
295	1	156.168872
296	0	157.189052
297	1	157.223732
298	0	158.251928
299	1	158.286676
300	0	159.306764
301	1	159.341616
302	0	160.369428
303	1	160.404352
304	0	161.424160
305	1	161.459212
306	0	162.486836
307	1	162.521964
308	0	163.541516
309	1	163.576748
310	0	164.604184
311	1	164.639480
312	0	165.658964
313	1	165.694376
314	0	166.721520
315	1	166.757000
316	0	167.776256
317	1	167.811848
318	0	168.838792
319	1	168.874448
320	0	169.893444
321	1	169.929220
322	0	170.956000
323	1	170.991848
324	0	172.010692
325	1	172.046652
326	0	173.073172
327	1	173.109188
328	0	174.127876
329	1	174.164024
330	0	175.190104
331	1	175.226312
332	0	176.244788
333	1	176.281120
334	0	177.307076
335	1	177.343460
336	0	178.361604
337	1	178.398112
338	0	179.423968
339	1	179.460532
340	0	180.478380
341	1	180.515064
342	0	181.540788
343	1	181.577536
344	0	182.595240
345	1	182.632100
346	0	183.657636
347	1	183.694548
348	0	184.712064
349	1	184.749100
350	0	185.774500
351	1	185.811584
352	0	186.828872
353	1	186.866088
354	0	187.891260
355	1	187.928532
356	0	188.945716
357	1	188.983100
358	0	190.008016
359	1	190.045464
360	0	191.062456
361	1	191.100000
362	0	192.124624
363	1	192.162248
364	0	193.179104
365	1	193.216864
366	0	194.241364
367	1	194.279188
368	0	195.295756
369	1	195.333692
370	0	196.358132
371	1	196.396120
372	0	197.412464
373	1	197.450584
374	0	198.474876
375	1	198.513048
376	0	199.529144
377	1	199.567452
378	0	200.591524
379	1	200.629872
380	0	201.645764
381	1	201.684252
382	0	202.708084
383	1	202.746624
384	0	203.762308
385	1	203.800980
386	0	204.824340
387	1	204.863076
388	0	205.878720
389	1	205.917608
390	0	206.940728
391	1	206.979700
392	0	207.995224
393	1	208.034308
394	0	209.057360
395	1	209.096504
396	0	210.111452
397	1	210.150744
398	0	211.173732
399	1	211.213080
400	0	212.227752
401	1	212.267220
402	0	213.290148
403	1	213.329680
404	0	214.343984
405	1	214.383644
406	0	215.406580
407	1	215.446304
408	0	216.460312
409	1	216.500164
410	0	217.522912
411	1	217.562844
412	0	218.576696
413	1	218.616744
414	0	219.639216
415	1	219.679312
416	0	220.693028
417	1	220.733292
418	0	221.755436
419	1	221.795748
420	0	222.809236
421	1	222.849692
422	0	223.871668
423	1	223.912180
424	0	224.925432
425	1	224.966088
426	0	225.987972
427	1	226.028684
428	0	227.041544
429	1	227.082412
430	0	228.104084
431	1	228.144992
432	0	229.157764
433	1	229.198812
434	0	230.220264
435	1	230.261364
436	0	231.273916
437	1	231.315152
438	0	232.336440
439	1	232.377732
440	0	233.390056
441	1	233.431504
442	0	234.452572
443	1	234.494068
444	0	235.506172
445	1	235.547808
446	0	236.568712
447	1	236.610392
448	0	237.622168
449	1	237.664000
450	0	238.684716
451	1	238.726612
452	0	239.738208
453	1	239.780252
454	0	240.800704
455	1	240.842804
456	0	241.854164
457	1	241.896416
458	0	242.916600
459	1	242.958896
460	0	243.970096
461	1	244.012564
462	0	245.032588
463	1	245.075120
464	0	246.086020
465	1	246.128688
466	0	247.148540
467	1	247.191268
468	0	248.201928
469	1	248.244796
470	0	249.264532
471	1	249.307456
472	0	250.317808
473	1	250.360876
474	0	251.380424
475	1	251.423556
476	0	252.433640
477	1	252.476916
478	0	253.496236
479	1	253.539576
480	0	254.549472
481	1	254.592972
482	0	255.611784
483	1	255.655356
484	0	256.665228
485	1	256.708972
486	0	257.727536
487	1	257.771368
488	0	258.780928
489	1	258.824932
490	0	259.843364
491	1	259.887448
492	0	260.896604
493	1	260.940844
