#Creator: pendulumSimpleEventBuffer
#Creation time: Wed Mar  1 16:57:18 2017
#Id	Edge	Time
#[]	[b]	[s]
10	0	5.646500
11	1	5.665056
12	0	6.713652
13	1	6.732248
14	0	7.773172
15	1	7.791824
16	0	8.840304
17	1	8.858988
18	0	9.899740
19	1	9.918492
20	0	10.967092
21	1	10.985900
22	0	12.026260
23	1	12.045124
24	0	13.093612
25	1	13.112504
26	0	14.152820
27	1	14.171780
28	0	15.219992
29	1	15.238996
30	0	16.279136
31	1	16.298192
32	0	17.346152
33	1	17.365256
34	0	18.405200
35	1	18.424364
36	0	19.472248
37	1	19.491464
38	0	20.531100
39	1	20.550372
40	0	21.597832
41	1	21.617140
42	0	22.656724
43	1	22.676096
44	0	23.723520
45	1	23.742936
46	0	24.782432
47	1	24.801912
48	0	25.849136
49	1	25.868664
50	0	26.907816
51	1	26.927400
52	0	27.974568
53	1	27.994200
54	0	29.033192
55	1	29.052888
56	0	30.099948
57	1	30.119692
58	0	31.158556
59	1	31.178360
60	0	32.225300
61	1	32.245148
62	0	33.283792
63	1	33.303692
64	0	34.350564
65	1	34.370504
66	0	35.408984
67	1	35.428980
68	0	36.475648
69	1	36.495688
70	0	37.533940
71	1	37.554032
72	0	38.600696
73	1	38.620832
74	0	39.658872
75	1	39.679072
76	0	40.725576
77	1	40.745816
78	0	41.783680
79	1	41.803984
80	0	42.850124
81	1	42.870472
82	0	43.908328
83	1	43.928744
84	0	44.974668
85	1	44.995136
86	0	46.032796
87	1	46.053324
88	0	47.098872
89	1	47.119448
90	0	48.157032
91	1	48.177668
92	0	49.223284
93	1	49.243964
94	0	50.281272
95	1	50.302024
96	0	51.347540
97	1	51.368336
98	0	52.405400
99	1	52.426260
100	0	53.471732
101	1	53.492636
102	0	54.529444
103	1	54.550404
104	0	55.595712
105	1	55.616716
106	0	56.653412
107	1	56.674484
108	0	57.719644
109	1	57.740764
110	0	58.777244
111	1	58.798424
112	0	59.843392
113	1	59.864612
114	0	60.901004
115	1	60.922288
116	0	61.967180
117	1	61.988520
118	0	63.024592
119	1	63.045996
120	0	64.090864
121	1	64.112312
122	0	65.148084
123	1	65.169596
124	0	66.214340
125	1	66.235892
126	0	67.271488
127	1	67.293104
128	0	68.337784
129	1	68.359444
130	0	69.394848
131	1	69.416564
132	0	70.460948
133	1	70.482724
134	0	71.518128
135	1	71.539960
136	0	72.584240
137	1	72.606104
138	0	73.641376
139	1	73.663324
140	0	74.707452
141	1	74.729444
142	0	75.764544
143	1	75.786600
144	0	76.830636
145	1	76.852732
146	0	77.887516
147	1	77.909672
148	0	78.953616
149	1	78.975824
150	0	80.010544
151	1	80.032812
152	0	81.076692
153	1	81.099016
154	0	82.133432
155	1	82.155816
156	0	83.199560
157	1	83.222000
158	0	84.256160
159	1	84.278664
160	0	85.322272
161	1	85.344820
162	0	86.378888
163	1	86.401492
164	0	87.444964
165	1	87.467620
166	0	88.501512
167	1	88.524228
168	0	89.567676
169	1	89.590456
170	0	90.624048
171	1	90.646880
172	0	91.690224
173	1	91.713108
174	0	92.746424
175	1	92.769380
176	0	93.812564
177	1	93.835560
178	0	94.868652
179	1	94.891724
180	0	95.934788
181	1	95.957912
182	0	96.990996
183	1	97.014188
184	0	98.056984
185	1	98.080220
186	0	99.113100
187	1	99.136408
188	0	100.179136
189	1	100.202488
190	0	101.235104
191	1	101.258532
192	0	102.301228
193	1	102.324716
194	0	103.357200
195	1	103.380744
196	0	104.423188
197	1	104.446780
198	0	105.479200
199	1	105.502860
200	0	106.545000
201	1	106.568704
202	0	107.601256
203	1	107.625044
204	0	108.666808
205	1	108.690648
206	0	109.723008
207	1	109.746908
208	0	110.788664
209	1	110.812616
210	0	111.844696
211	1	111.868720
212	0	112.910336
213	1	112.934408
214	0	113.966412
215	1	113.990556
216	0	115.031872
217	1	115.056064
218	0	116.087692
219	1	116.111948
220	0	117.153268
221	1	117.177576
222	0	118.209280
223	1	118.233668
224	0	119.274696
225	1	119.299128
226	0	120.330676
227	1	120.355176
228	0	121.396132
229	1	121.420680
230	0	122.452040
231	1	122.476664
232	0	123.517420
233	1	123.542096
234	0	124.573228
235	1	124.597972
236	0	125.638660
237	1	125.663460
238	0	126.694400
239	1	126.719276
240	0	127.759804
241	1	127.784724
242	0	128.815420
243	1	128.840416
244	0	129.881008
245	1	129.906072
246	0	130.936276
247	1	130.961412
248	0	132.002012
249	1	132.027200
250	0	133.057180
251	1	133.082448
252	0	134.122992
253	1	134.148300
254	0	135.178088
255	1	135.203472
256	0	136.243816
257	1	136.269248
258	0	137.299008
259	1	137.324524
260	0	138.364632
261	1	138.390180
262	0	139.419784
263	1	139.445408
264	0	140.485472
265	1	140.511152
266	0	141.540556
267	1	141.566316
268	0	142.606172
269	1	142.631980
270	0	143.661232
271	1	143.687108
272	0	144.726764
273	1	144.752708
274	0	145.781928
275	1	145.807944
276	0	146.847360
277	1	146.873424
278	0	147.902448
279	1	147.928592
280	0	148.967960
281	1	148.994160
282	0	150.022956
283	1	150.049240
284	0	151.088464
285	1	151.114792
286	0	152.143180
287	1	152.169588
288	0	153.208740
289	1	153.235188
290	0	154.263544
291	1	154.290080
292	0	155.329080
293	1	155.355668
294	0	156.383784
295	1	156.410444
296	0	157.449292
297	1	157.475996
298	0	158.503980
299	1	158.530768
300	0	159.569524
301	1	159.596372
302	0	160.624044
303	1	160.650968
304	0	161.689604
305	1	161.716572
306	0	162.744116
307	1	162.771160
308	0	163.809676
309	1	163.836780
310	0	164.864156
311	1	164.891340
312	0	165.929668
313	1	165.956908
314	0	166.984132
315	1	167.011440
316	0	168.049584
317	1	168.076940
318	0	169.104080
319	1	169.131524
320	0	170.169420
321	1	170.196932
322	0	171.223788
323	1	171.251376
324	0	172.289188
325	1	172.316824
326	0	173.343576
327	1	173.371312
328	0	174.408920
329	1	174.436708
330	0	175.463308
331	1	175.491192
332	0	176.528600
333	1	176.556548
334	0	177.582788
335	1	177.610824
336	0	178.648260
337	1	178.676348
338	0	179.702352
339	1	179.730532
340	0	180.767924
341	1	180.796152
342	0	181.822044
343	1	181.850360
344	0	182.887492
345	1	182.915872
346	0	183.941428
347	1	183.969892
348	0	185.007044
349	1	185.035556
350	0	186.060884
351	1	186.089492
352	0	187.126388
353	1	187.155040
354	0	188.180304
355	1	188.209076
356	0	189.245712
357	1	189.274536
358	0	190.299632
359	1	190.328520
360	0	191.364848
361	1	191.393800
362	0	192.418896
363	1	192.447944
364	0	193.484344
365	1	193.513464
366	0	194.538132
367	1	194.567344
368	0	195.603408
369	1	195.632680
370	0	196.657040
371	1	196.686392
372	0	197.722532
373	1	197.751960
374	0	198.776176
375	1	198.805684
376	0	199.841604
377	1	199.871180
378	0	200.895172
379	1	200.924852
380	0	201.960580
381	1	201.990324
382	0	203.014068
383	1	203.043900
384	0	204.079376
385	1	204.109260
386	0	205.132824
387	1	205.162812
388	0	206.198300
389	1	206.228352
390	0	207.251720
391	1	207.281872
392	0	208.317200
393	1	208.347424
394	0	209.370560
395	1	209.400888
396	0	210.436008
397	1	210.466408
398	0	211.489248
399	1	211.519748
400	0	212.554912
401	1	212.585492
402	0	213.607968
403	1	213.638624
404	0	214.673480
405	1	214.704204
406	0	215.726608
407	1	215.757436
408	0	216.792268
409	1	216.823160
410	0	217.845340
411	1	217.876336
412	0	218.911064
413	1	218.942148
414	0	219.963848
415	1	219.995012
416	0	221.029804
417	1	221.061048
418	0	222.082440
419	1	222.113764
420	0	223.148352
421	1	223.179752
422	0	224.200892
423	1	224.232380
424	0	225.266752
425	1	225.298300
426	0	226.319324
427	1	226.350976
428	0	227.385140
429	1	227.416860
430	0	228.437532
431	1	228.469348
432	0	229.503388
433	1	229.535268
434	0	230.555892
435	1	230.587868
436	0	231.621688
437	1	231.653740
438	0	232.674200
439	1	232.706348
440	0	233.740084
441	1	233.772308
442	0	234.792444
443	1	234.824760
444	0	235.858312
445	1	235.890704
446	0	236.910688
447	1	236.943176
448	0	237.976664
449	1	238.009224
450	0	239.029004
451	1	239.061652
452	0	240.094968
453	1	240.127688
454	0	241.147232
455	1	241.180052
456	0	242.212928
457	1	242.245808
458	0	243.265292
459	1	243.298292
460	0	244.330828
461	1	244.363904
462	0	245.383236
463	1	245.416412
464	0	246.448712
465	1	246.481960
466	0	247.501088
467	1	247.534452
468	0	248.566660
469	1	248.600088
470	0	249.618940
471	1	249.652468
472	0	250.684624
473	1	250.718228
474	0	251.736828
475	1	251.770528
476	0	252.802472
477	1	252.836252
478	0	253.854692
479	1	253.888568
480	0	254.920372
481	1	254.954324
482	0	255.972476
483	1	256.006536
484	0	257.038216
485	1	257.072360
486	0	258.090276
487	1	258.124556
488	0	259.155928
489	1	259.190276
490	0	260.207852
491	1	260.242316
492	0	261.273648
493	1	261.308184
494	0	262.325652
495	1	262.360304
496	0	263.391532
497	1	263.426256
498	0	264.443332
499	1	264.478180
500	0	265.509160
501	1	265.544080
502	0	266.560924
503	1	266.595960
504	0	267.626784
505	1	267.661892
506	0	268.678520
507	1	268.713744
508	0	269.744452
509	1	269.779736
510	0	270.796108
511	1	270.831528
512	0	271.861944
513	1	271.897408
514	0	272.913692
515	1	272.949304
516	0	273.979384
517	1	274.015088
518	0	275.030972
519	1	275.066796
520	0	276.096528
521	1	276.132424
522	0	277.148348
523	1	277.184360
524	0	278.214104
525	1	278.250208
526	0	279.265316
527	1	279.301560
528	0	280.331224
529	1	280.367556
530	0	281.382544
531	1	281.418992
532	0	282.448472
533	1	282.485000
534	0	283.499604
535	1	283.536244
536	0	284.565604
537	1	284.602320
538	0	285.616668
539	1	285.653524
540	0	286.682616
541	1	286.719524
542	0	287.733768
543	1	287.770788
544	0	288.799468
545	1	288.836572
546	0	289.850784
547	1	289.888012
548	0	290.916416
549	1	290.953732
550	0	291.967640
551	1	292.005088
552	0	293.033332
553	1	293.070868
554	0	294.084600
555	1	294.122252
556	0	295.150508
557	1	295.188240
558	0	296.201588
559	1	296.239496
560	0	297.267272
561	1	297.305224
562	0	298.318124
563	1	298.356212
564	0	299.383936
565	1	299.422092
566	0	300.434640
567	1	300.472920
568	0	301.500484
569	1	301.538840
570	0	302.551296
571	1	302.589760
572	0	303.617084
573	1	303.655612
574	0	304.667840
575	1	304.706484
576	0	305.733636
577	1	305.772368
578	0	306.784496
579	1	306.823332
580	0	307.850312
581	1	307.889212
582	0	308.901044
583	1	308.940084
584	0	309.966896
585	1	310.006004
586	0	311.017568
587	1	311.056864
588	0	312.083236
589	1	312.122540
590	0	313.133900
591	1	313.173352
592	0	314.199516
593	1	314.239060
594	0	315.250280
595	1	315.289952
596	0	316.315956
597	1	316.355700
598	0	317.366620
599	1	317.406504
600	0	318.432384
601	1	318.472332
602	0	319.482804
603	1	319.522892
604	0	320.548640
605	1	320.588792
606	0	321.599072
607	1	321.639384
608	0	322.665076
609	1	322.705420
610	0	323.715364
611	1	323.755840
612	0	324.781352
613	1	324.821892
614	0	325.831568
615	1	325.872228
616	0	326.897692
617	1	326.938428
618	0	327.947676
619	1	327.988540
620	0	329.013880
621	1	329.054836
622	0	330.063868
623	1	330.104952
624	0	331.130048
625	1	331.171192
626	0	332.180096
627	1	332.221360
628	0	333.246280
629	1	333.287624
630	0	334.296208
631	1	334.337676
632	0	335.362440
633	1	335.403984
634	0	336.412352
635	1	336.454020
636	0	337.478624
637	1	337.520364
638	0	338.528500
639	1	338.570388
640	0	339.594624
641	1	339.636576
642	0	340.644552
643	1	340.686640
644	0	341.710660
645	1	341.752804
646	0	342.760544
647	1	342.802832
648	0	343.826492
649	1	343.868860
650	0	344.876424
651	1	344.918940
652	0	345.942424
653	1	345.985040
654	0	346.992372
655	1	347.035128
656	0	348.058348
657	1	348.101184
658	0	349.108264
659	1	349.151232
660	0	350.174192
661	1	350.217220
662	0	351.224152
663	1	351.267356
664	0	352.289952
665	1	352.333244
666	0	353.339820
667	1	353.383272
668	0	354.405632
669	1	354.449184
670	0	355.455476
671	1	355.499184
672	0	356.521508
673	1	356.565296
674	0	357.571212
675	1	357.615156
676	0	358.637460
677	1	358.681492
678	0	359.686740
679	1	359.730880
680	0	360.753236
681	1	360.797448
682	0	361.802472
683	1	361.846856
684	0	362.868716
685	1	362.913200
686	0	363.917900
687	1	363.962528
688	0	364.984396
689	1	365.029088
690	0	366.033452
691	1	366.078288
692	0	367.100016
693	1	367.144916
694	0	368.148900
695	1	368.193956
696	0	369.215592
697	1	369.260716
698	0	370.264380
699	1	370.309664
700	0	371.331048
701	1	371.376428
702	0	372.379896
703	1	372.425416
704	0	373.446492
705	1	373.492080
706	0	374.495400
707	1	374.541132
708	0	375.561920
709	1	375.607736
710	0	376.610660
711	1	376.656664
712	0	377.677452
713	1	377.723484
714	0	378.726016
715	1	378.772240
716	0	379.792760
717	1	379.839104
718	0	380.841312
719	1	380.887728
720	0	381.907980
721	1	381.954512
722	0	382.956568
723	1	383.003248
724	0	384.023236
725	1	384.070020
726	0	385.071760
727	1	385.118692
728	0	386.138444
729	1	386.185488
730	0	387.187016
731	1	387.234244
732	0	388.253604
733	1	388.300916
734	0	389.301976
735	1	389.349456
736	0	390.369096
737	1	390.416688
738	0	391.417112
739	1	391.464896
740	0	392.484204
741	1	392.532052
742	0	393.532152
743	1	393.580176
744	0	394.599092
745	1	394.647208
746	0	395.647420
747	1	395.695688
748	0	396.714112
749	1	396.762484
750	0	397.762496
751	1	397.811040
752	0	398.829232
753	1	398.877884
754	0	399.877428
755	1	399.926268
756	0	400.944368
757	1	400.993332
758	0	401.992424
759	1	402.041520
760	0	403.059444
761	1	403.108652
762	0	404.107532
763	1	404.156908
764	0	405.174500
765	1	405.224004
766	0	406.222348
767	1	406.272012
768	0	407.289328
769	1	407.339120
770	0	408.337088
771	1	408.387092
772	0	409.404080
773	1	409.454136
774	0	410.451832
775	1	410.502072
776	0	411.518780
777	1	411.569120
778	0	412.566984
779	1	412.617488
780	0	413.633896
781	1	413.684524
782	0	414.681504
783	1	414.732308
784	0	415.748644
785	1	415.799584
786	0	416.796388
787	1	416.847496
788	0	417.863432
789	1	417.914648
790	0	418.911196
791	1	418.962584
792	0	419.978260
793	1	420.029732
794	0	421.026092
795	1	421.077756
796	0	422.093152
797	1	422.144948
798	0	423.140556
799	1	423.192540
800	0	424.207892
801	1	424.259972
802	0	425.255456
803	1	425.307696
804	0	426.322744
805	1	426.375128
806	0	427.370156
807	1	427.422716
808	0	428.437520
809	1	428.490204
810	0	429.484872
811	1	429.537692
812	0	430.552356
813	1	430.605300
814	0	431.599508
815	1	431.652620
816	0	432.667156
817	1	432.720380
818	0	433.714148
819	1	433.767532
820	0	434.781840
821	1	434.835376
822	0	435.828808
823	1	435.882476
824	0	436.896548
825	1	436.950328
826	0	437.943456
827	1	437.997408
828	0	439.011044
829	1	439.065116
830	0	440.058268
831	1	440.112456
832	0	441.125684
833	1	441.180040
834	0	442.172840
835	1	442.227388
836	0	443.240204
837	1	443.294860
838	0	444.287312
839	1	444.342148
840	0	445.354908
841	1	445.409856
842	0	446.401880
843	1	446.456984
844	0	447.469516
845	1	447.524748
846	0	448.516392
847	1	448.571820
848	0	449.584268
849	1	449.639752
850	0	450.631104
851	1	450.686820
852	0	451.698728
853	1	451.754564
854	0	452.745280
855	1	452.801312
856	0	453.812832
857	1	453.869016
858	0	454.859448
859	1	454.915804
860	0	455.927132
861	1	455.983604
862	0	456.973684
863	1	457.030388
864	0	458.041396
865	1	458.098252
866	0	459.087832
867	1	459.144800
868	0	460.155692
869	1	460.213036
870	0	461.201968
871	1	461.259296
872	0	462.269892
873	1	462.327384
874	0	463.315964
875	1	463.373608
876	0	464.384140
877	1	464.441864
878	0	465.430148
879	1	465.488064
880	0	466.498252
881	1	466.556320
882	0	467.544120
883	1	467.602368
884	0	468.612476
885	1	468.670836
886	0	469.658112
887	1	469.716608
888	0	470.726652
889	1	470.785312
890	0	471.772128
891	1	471.830952
892	0	472.840784
893	1	472.899716
894	0	473.886204
895	1	473.945328
896	0	474.955152
897	1	475.014380
898	0	476.000388
899	1	476.059796
900	0	477.068984
901	1	477.128536
902	0	478.114216
903	1	478.173960
904	0	479.183108
905	1	479.242968
906	0	480.228304
907	1	480.288344
908	0	481.297112
909	1	481.357240
910	0	482.342468
911	1	482.402820
912	0	483.411064
913	1	483.471564
914	0	484.456380
915	1	484.517036
916	0	485.525032
917	1	485.585836
918	0	486.570416
919	1	486.631452
920	0	487.639084
921	1	487.700216
922	0	488.684460
923	1	488.745760
924	0	489.753020
925	1	489.814468
926	0	490.798360
927	1	490.859992
928	0	491.866796
929	1	491.928584
930	0	492.912144
931	1	492.974168
932	0	493.980804
933	1	494.042968
934	0	495.025896
935	1	495.088280
936	0	496.094736
937	1	496.157268
938	0	497.139848
939	1	497.202584
940	0	498.208528
941	1	498.271396
942	0	499.253500
943	1	499.316584
944	0	500.322256
945	1	500.385408
946	0	501.367508
947	1	501.430888
948	0	502.436164
949	1	502.499636
950	0	503.481248
951	1	503.544964
952	0	504.550012
953	1	504.613856
954	0	505.595068
955	1	505.659164
956	0	506.663764
957	1	506.727972
958	0	507.708656
959	1	507.773096
960	0	508.777452
961	1	508.842020
962	0	509.822152
963	1	509.886988
964	0	510.891148
965	1	510.956084
966	0	511.935728
967	1	512.000880
968	0	513.004940
969	1	513.070268
970	0	514.049168
971	1	514.114640
972	0	515.118968
973	1	515.184580
974	0	516.162952
975	1	516.228772
976	0	517.232504
977	1	517.298408
978	0	518.276696
979	1	518.342868
980	0	519.346304
981	1	519.412568
982	0	520.390436
983	1	520.456936
984	0	521.459992
985	1	521.526632
986	0	522.504140
987	1	522.571016
988	0	523.573476
989	1	523.640452
990	0	524.617704
991	1	524.684924
992	0	525.687064
993	1	525.754428
994	0	526.731020
995	1	526.798636
996	0	527.800696
997	1	527.868500
998	0	528.844044
999	1	528.912020
1000	0	529.914164
1001	1	529.982328
1002	0	530.957232
1003	1	531.025612
1004	0	532.027656
1005	1	532.096156
1006	0	533.070572
1007	1	533.139300
1008	0	534.141460
1009	1	534.210348
1010	0	535.184364
1011	1	535.253524
1012	0	536.254664
1013	1	536.323988
1014	0	537.297940
1015	1	537.367416
1016	0	538.368408
1017	1	538.438100
1018	0	539.411476
1019	1	539.481412
1020	0	540.481956
1021	1	540.552016
1022	0	541.524916
1023	1	541.595188
1024	0	542.595568
1025	1	542.665988
1026	0	543.638420
1027	1	543.709100
1028	0	544.709068
1029	1	544.779884
1030	0	545.751932
1031	1	545.823004
1032	0	546.822620
1033	1	546.893796
1034	0	547.865352
1035	1	547.936728
1036	0	548.936096
1037	1	549.007644
1038	0	549.978824
1039	1	550.050608
1040	0	551.049556
1041	1	551.121540
1042	0	552.092236
1043	1	552.164420
1044	0	553.163088
1045	1	553.235408
1046	0	554.205484
1047	1	554.278032
1048	0	555.276460
1049	1	555.349196
1050	0	556.318928
1051	1	556.391840
1052	0	557.389920
1053	1	557.463016
1054	0	558.432188
1055	1	558.505492
1056	0	559.503384
1057	1	559.576840
1058	0	560.545628
1059	1	560.619284
1060	0	561.616780
1061	1	561.690624
1062	0	562.658680
1063	1	562.732716
1064	0	563.729896
1065	1	563.804100
1066	0	564.771876
1067	1	564.846304
1068	0	565.842956
1069	1	565.917568
1070	0	566.885120
1071	1	566.959932
1072	0	567.956108
1073	1	568.031084
1074	0	568.998476
1075	1	569.073680
1076	0	570.069264
1077	1	570.144600
1078	0	571.111516
1079	1	571.187140
1080	0	572.181976
1081	1	572.257812
1082	0	573.224072
1083	1	573.300160
1084	0	574.294948
1085	1	574.371192
1086	0	575.336784
1087	1	575.413264
1088	0	576.407960
1089	1	576.484596
1090	0	577.449864
1091	1	577.526720
1092	0	578.520948
1093	1	578.597864
1094	0	579.562696
1095	1	579.639960
1096	0	580.633800
1097	1	580.711240
1098	0	581.675552
1099	1	581.753236
1100	0	582.746488
1101	1	582.824304
1102	0	583.788064
1103	1	583.866148
1104	0	584.859248
1105	1	584.937520
1106	0	585.900904
1107	1	585.979460
1108	0	586.971988
1109	1	587.050872
1110	0	588.013760
1111	1	588.092832
1112	0	589.085356
1113	1	589.164556
1114	0	590.126664
1115	1	590.206168
1116	0	591.198056
1117	1	591.277752
1118	0	592.239344
1119	1	592.319292
1120	0	593.310844
1121	1	593.391024
1122	0	594.352184
1123	1	594.432548
1124	0	595.423928
1125	1	595.504536
1126	0	596.464756
1127	1	596.545604
1128	0	597.537012
1129	1	597.618092
1130	0	598.577520
1131	1	598.658960
1132	0	599.650068
1133	1	599.731688