#Creator: pendulumSimpleEventBuffer
#Creation time: Wed Mar  1 17:42:31 2017
#Id	Edge	Time
#[]	[b]	[s]
0	0	0.474584
1	1	0.491700
2	0	1.537524
3	1	1.554708
4	0	2.603676
5	1	2.620884
6	0	3.666432
7	1	3.683704
8	0	4.732532
9	1	4.749840
10	0	5.795124
11	1	5.812488
12	0	6.861196
13	1	6.878596
14	0	7.923648
15	1	7.941116
16	0	8.989740
17	1	9.007232
18	0	10.052112
19	1	10.069664
20	0	11.118164
21	1	11.135744
22	0	12.180468
23	1	12.198108
24	0	13.246432
25	1	13.264092
26	0	14.308700
27	1	14.326432
28	0	15.374640
29	1	15.392396
30	0	16.436840
31	1	16.454660
32	0	17.502712
33	1	17.520564
34	0	18.564844
35	1	18.582752
36	0	19.630668
37	1	19.648596
38	0	20.692708
39	1	20.710704
40	0	21.758484
41	1	21.776504
42	0	22.820472
43	1	22.838552
44	0	23.886132
45	1	23.904244
46	0	24.948092
47	1	24.966264
48	0	26.013604
49	1	26.031804
50	0	27.075468
51	1	27.093732
52	0	28.140948
53	1	28.159240
54	0	29.202676
55	1	29.221024
56	0	30.268172
57	1	30.286552
58	0	31.329768
59	1	31.348208
60	0	32.395220
61	1	32.413700
62	0	33.456712
63	1	33.475256
64	0	34.522156
65	1	34.540724
66	0	35.583608
67	1	35.602240
68	0	36.648844
69	1	36.667508
70	0	37.710328
71	1	37.729060
72	0	38.775556
73	1	38.794316
74	0	39.836888
75	1	39.855716
76	0	40.902100
77	1	40.920960
78	0	41.963344
79	1	41.982264
80	0	43.028516
81	1	43.047468
82	0	44.089716
83	1	44.108728
84	0	45.154744
85	1	45.173796
86	0	46.215852
87	1	46.234960
88	0	47.280856
89	1	47.299992
90	0	48.341932
91	1	48.361136
92	0	49.406916
93	1	49.426168
94	0	50.467744
95	1	50.487056
96	0	51.532772
97	1	51.552124
98	0	52.593548
99	1	52.612960
100	0	53.658556
101	1	53.678000
102	0	54.719204
103	1	54.738716
104	0	55.784244
105	1	55.803784
106	0	56.844776
107	1	56.864384
108	0	57.909768
109	1	57.929412
110	0	58.970300
111	1	58.990004
112	0	60.035236
113	1	60.054976
114	0	61.095616
115	1	61.115428
116	0	62.160572
117	1	62.180412
118	0	63.220812
119	1	63.240724
120	0	64.285628
121	1	64.305572
122	0	65.345972
123	1	65.365980
124	0	66.410860
125	1	66.430916
126	0	67.471012
127	1	67.491136
128	0	68.535868
129	1	68.556024
130	0	69.596000
131	1	69.616224
132	0	70.660788
133	1	70.681048
134	0	71.720904
135	1	71.741220
136	0	72.785672
137	1	72.806020
138	0	73.845580
139	1	73.866000
140	0	74.910288
141	1	74.930748
142	0	75.970236
143	1	75.990764
144	0	77.034820
145	1	77.055380
146	0	78.094748
147	1	78.115380
148	0	79.159224
149	1	79.179888
150	0	80.219144
151	1	80.239876
152	0	81.283544
153	1	81.304312
154	0	82.343448
155	1	82.364284
156	0	83.407784
157	1	83.428652
158	0	84.467624
159	1	84.488564
160	0	85.531880
161	1	85.552856
162	0	86.591660
163	1	86.612708
164	0	87.655972
165	1	87.677060
166	0	88.715716
167	1	88.736872
168	0	89.779956
169	1	89.801160
170	0	90.839540
171	1	90.860812
172	0	91.903692
173	1	91.925012
174	0	92.963096
175	1	92.984484
176	0	94.027432
177	1	94.048856
178	0	95.086700
179	1	95.108196
180	0	96.150968
181	1	96.172508
182	0	97.210236
183	1	97.231844
184	0	98.274468
185	1	98.296116
186	0	99.333676
187	1	99.355384
188	0	100.397924
189	1	100.419668
190	0	101.457052
191	1	101.478868
192	0	102.521292
193	1	102.543148
194	0	103.580316
195	1	103.602240
196	0	104.644564
197	1	104.666524
198	0	105.703536
199	1	105.725564
200	0	106.767720
201	1	106.789784
202	0	107.826668
203	1	107.848800
204	0	108.890808
205	1	108.912972
206	0	109.949704
207	1	109.971944
208	0	111.013768
209	1	111.036048
210	0	112.072688
211	1	112.095036
212	0	113.136660
213	1	113.159052
214	0	114.195556
215	1	114.218008
216	0	115.259484
217	1	115.281972
218	0	116.318332
219	1	116.340900
220	0	117.382256
221	1	117.404848
222	0	118.441068
223	1	118.463740
224	0	119.504980
225	1	119.527688
226	0	120.563720
227	1	120.586504
228	0	121.627624
229	1	121.650444
230	0	122.686296
231	1	122.709188
232	0	123.750140
233	1	123.773072
234	0	124.808772
235	1	124.831764
236	0	125.872572
237	1	125.895584
238	0	126.931140
239	1	126.954244
240	0	127.994940
241	1	128.018088
242	0	129.053464
243	1	129.076688
244	0	130.117244
245	1	130.140504
246	0	131.175680
247	1	131.199020
248	0	132.239460
249	1	132.262824
250	0	133.297856
251	1	133.321296
252	0	134.361608
253	1	134.385080
254	0	135.419936
255	1	135.443488
256	0	136.483680
257	1	136.507268
258	0	137.541948
259	1	137.565612
260	0	138.605692
261	1	138.629392
262	0	139.663900
263	1	139.687680
264	0	140.727608
265	1	140.751424
266	0	141.785788
267	1	141.809672
268	0	142.849444
269	1	142.873372
270	0	143.907620
271	1	143.931624
272	0	144.971116
273	1	144.995156
274	0	146.029244
275	1	146.053360
276	0	147.092624
277	1	147.116780
278	0	148.150728
279	1	148.174968
280	0	149.214164
281	1	149.238452
282	0	150.272236
283	1	150.296604
284	0	151.335712
285	1	151.360124
286	0	152.393624
287	1	152.418108
288	0	153.457120
289	1	153.481656
290	0	154.514896
291	1	154.539520
292	0	155.578444
293	1	155.603108
294	0	156.636140
295	1	156.660880
296	0	157.699716
297	1	157.724500
298	0	158.757340
299	1	158.782204
300	0	159.820892
301	1	159.845800
302	0	160.878512
303	1	160.903496
304	0	161.942040
305	1	161.967056
306	0	162.999664
307	1	163.024764
308	0	164.063140
309	1	164.088288
310	0	165.120744
311	1	165.145968
312	0	166.184160
313	1	166.209420
314	0	167.241708
315	1	167.267052
316	0	168.305148
317	1	168.330528
318	0	169.362532
319	1	169.388008
320	0	170.426020
321	1	170.451524
322	0	171.483420
323	1	171.509008
324	0	172.546848
325	1	172.572480
326	0	173.604176
327	1	173.629892
328	0	174.667560
329	1	174.693312
330	0	175.724936
331	1	175.750772
332	0	176.788184
333	1	176.814056
334	0	177.845484
335	1	177.871460
336	0	178.908792
337	1	178.934788
338	0	179.966028
339	1	179.992120
340	0	181.029324
341	1	181.055456
342	0	182.086604
343	1	182.112816
344	0	183.149720
345	1	183.175976
346	0	184.207000
347	1	184.233356
348	0	185.270132
349	1	185.296500
350	0	186.327416
351	1	186.353884
352	0	187.390464
353	1	187.416964
354	0	188.447700
355	1	188.474288
356	0	189.510720
357	1	189.537356
358	0	190.567932
359	1	190.594648
360	0	191.630852
361	1	191.657636
362	0	192.688128
363	1	192.714988
364	0	193.750996
365	1	193.777904
366	0	194.808112
367	1	194.835096
368	0	195.870952
369	1	195.897996
370	0	196.928088
371	1	196.955232
372	0	197.990912
373	1	198.018112
374	0	199.048040
375	1	199.075328
376	0	200.110864
377	1	200.138212
378	0	201.167756
379	1	201.195188
380	0	202.230696
381	1	202.258184
382	0	203.287576
383	1	203.315160
384	0	204.350532
385	1	204.378164
386	0	205.407300
387	1	205.435012
388	0	206.470340
389	1	206.498108
390	0	207.527020
391	1	207.554884
392	0	208.590068
393	1	208.617976
394	0	209.646652
395	1	209.674640
396	0	210.709732
397	1	210.737780
398	0	211.766308
399	1	211.794432
400	0	212.829308
401	1	212.857500
402	0	213.885912
403	1	213.914260
404	0	214.948872
405	1	214.977192
406	0	216.005572
407	1	216.033944
408	0	217.068444
409	1	217.096892
410	0	218.125048
411	1	218.153604
412	0	219.187928
413	1	219.216520
414	0	220.244488
415	1	220.273168
416	0	221.307360
417	1	221.336096
418	0	222.363936
419	1	222.392756
420	0	223.426748
421	1	223.455628
422	0	224.483260
423	1	224.512216
424	0	225.546056
425	1	225.575092
426	0	226.602572
427	1	226.631688
428	0	227.665348
429	1	227.694516
430	0	228.721824
431	1	228.751080
432	0	229.784612
433	1	229.813932
434	0	230.841008
435	1	230.870420
436	0	231.903876
437	1	231.933348
438	0	232.960176
439	1	232.989728
440	0	234.023048
441	1	234.052664
442	0	235.079312
443	1	235.109016
444	0	236.142148
445	1	236.171916
446	0	237.198400
447	1	237.228248
448	0	238.261236
449	1	238.291136
450	0	239.317468
451	1	239.347452
452	0	240.380252
453	1	240.410296
454	0	241.436532
455	1	241.466656
456	0	242.499300
457	1	242.529496
458	0	243.555520
459	1	243.585792
460	0	244.618252
461	1	244.648592
462	0	245.674456
463	1	245.704884
464	0	246.737060
465	1	246.767556
466	0	247.793256
467	1	247.823836
468	0	248.855812
469	1	248.886464
470	0	249.911924
471	1	249.942664
472	0	250.974496
473	1	251.005300
