#Creator: pendulumSimpleEventBuffer
#Creation time: Wed Mar  1 18:45:30 2017
#Id	Edge	Time
#[]	[b]	[s]
0	0	0.725628
1	1	0.738552
2	0	1.794684
3	1	1.807652
4	0	2.866424
5	1	2.879412
6	0	3.935320
7	1	3.948352
8	0	5.006888
9	1	5.019948
10	0	6.075632
11	1	6.088736
12	0	7.147096
13	1	7.160228
14	0	8.215724
15	1	8.228900
16	0	9.287104
17	1	9.300308
18	0	10.355528
19	1	10.368776
20	0	11.426784
21	1	11.440052
22	0	12.495060
23	1	12.508368
24	0	13.566140
25	1	13.579488
26	0	14.634248
27	1	14.647632
28	0	15.705248
29	1	15.718660
30	0	16.773188
31	1	16.786644
32	0	17.844036
33	1	17.857520
34	0	18.911864
35	1	18.925392
36	0	19.982520
37	1	19.996076
38	0	21.050260
39	1	21.063860
40	0	22.120748
41	1	22.134380
42	0	23.188372
43	1	23.202048
44	0	24.258780
45	1	24.272484
46	0	25.326220
47	1	25.339968
48	0	26.396520
49	1	26.410292
50	0	27.463820
51	1	27.477640
52	0	28.534020
53	1	28.547872
54	0	29.601212
55	1	29.615108
56	0	30.671216
57	1	30.685132
58	0	31.738260
59	1	31.752224
60	0	32.808128
61	1	32.822124
62	0	33.875000
63	1	33.889044
64	0	34.944812
65	1	34.958884
66	0	36.011584
67	1	36.025700
68	0	37.081260
69	1	37.095404
70	0	38.147968
71	1	38.162160
72	0	39.217508
73	1	39.231728
74	0	40.284116
75	1	40.298380
76	0	41.353528
77	1	41.367820
78	0	42.420020
79	1	42.434368
80	0	43.489384
81	1	43.503756
82	0	44.555700
83	1	44.570120
84	0	45.625012
85	1	45.639452
86	0	46.691176
87	1	46.705668
88	0	47.760380
89	1	47.774900
90	0	48.826408
91	1	48.840976
92	0	49.895476
93	1	49.910076
94	0	50.961428
95	1	50.976068
96	0	52.030344
97	1	52.045008
98	0	53.096200
99	1	53.110912
100	0	54.164968
101	1	54.179708
102	0	55.230712
103	1	55.245504
104	0	56.299260
105	1	56.314084
106	0	57.364848
107	1	57.379720
108	0	58.433432
109	1	58.448332
110	0	59.498896
111	1	59.513852
112	0	60.567456
113	1	60.582432
114	0	61.632772
115	1	61.647808
116	0	62.701204
117	1	62.716260
118	0	63.766452
119	1	63.781560
120	0	64.834816
121	1	64.849948
122	0	65.899992
123	1	65.915180
124	0	66.968140
125	1	66.983352
126	0	68.033284
127	1	68.048544
128	0	69.101420
129	1	69.116712
130	0	70.166356
131	1	70.181704
132	0	71.234360
133	1	71.249732
134	0	72.299164
135	1	72.314588
136	0	73.367044
137	1	73.382500
138	0	74.431728
139	1	74.447240
140	0	75.499532
141	1	75.515072
142	0	76.564124
143	1	76.579712
144	0	77.631824
145	1	77.647440
146	0	78.696348
147	1	78.712024
148	0	79.764008
149	1	79.779708
150	0	80.828432
151	1	80.844184
152	0	81.896044
153	1	81.911828
154	0	82.960404
155	1	82.976240
156	0	84.027860
157	1	84.043724
158	0	85.092120
159	1	85.108040
160	0	86.159488
161	1	86.175428
162	0	87.223700
163	1	87.239700
164	0	88.291012
165	1	88.307044
166	0	89.355084
167	1	89.371168
168	0	90.422324
169	1	90.438436
170	0	91.486280
171	1	91.502444
172	0	92.553468
173	1	92.569660
174	0	93.617252
175	1	93.633492
176	0	94.684360
177	1	94.700628
178	0	95.748084
179	1	95.764408
180	0	96.815060
181	1	96.831416
182	0	97.878732
183	1	97.895144
184	0	98.945504
185	1	98.961956
186	0	100.008960
187	1	100.025464
188	0	101.075672
189	1	101.092204
190	0	102.139104
191	1	102.155692
192	0	103.205724
193	1	103.222348
194	0	104.269068
195	1	104.285748
196	0	105.335584
197	1	105.352292
198	0	106.398816
199	1	106.415588
200	0	107.465320
201	1	107.482116
202	0	108.528392
203	1	108.545248
204	0	109.594944
205	1	109.611828
206	0	110.657944
207	1	110.674892
208	0	111.724440
209	1	111.741412
210	0	112.787428
211	1	112.804456
212	0	113.853880
213	1	113.870940
214	0	114.916760
215	1	114.933872
216	0	115.983188
217	1	116.000328
218	0	117.045912
219	1	117.063112
220	0	118.112328
221	1	118.129556
222	0	119.174960
223	1	119.192240
224	0	120.241320
225	1	120.258636
226	0	121.303836
227	1	121.321208
228	0	122.370076
229	1	122.387476
230	0	123.432528
231	1	123.449992
232	0	124.498724
233	1	124.516208
234	0	125.561108
235	1	125.578652
236	0	126.627252
237	1	126.644828
238	0	127.689544
239	1	127.707176
240	0	128.755612
241	1	128.773276
242	0	129.817820
243	1	129.835540
244	0	130.883832
245	1	130.901580
246	0	131.945932
247	1	131.963740
248	0	133.011908
249	1	133.029748
250	0	134.073916
251	1	134.091808
252	0	135.139820
253	1	135.157744
254	0	136.201784
255	1	136.219760
256	0	137.267572
257	1	137.285592
258	0	138.329532
259	1	138.347600
260	0	139.395232
261	1	139.413336
262	0	140.457032
263	1	140.475196
264	0	141.522672
265	1	141.540872
266	0	142.584304
267	1	142.602568
268	0	143.649984
269	1	143.668272
270	0	144.711572
271	1	144.729920
272	0	145.777160
273	1	145.795544
274	0	146.838636
275	1	146.857080
276	0	147.904088
277	1	147.922572
278	0	148.965580
279	1	148.984124
280	0	150.030944
281	1	150.049516
282	0	151.092268
283	1	151.110904
284	0	152.157624
285	1	152.176300
286	0	153.218844
287	1	153.237584
288	0	154.284196
289	1	154.302968
290	0	155.345432
291	1	155.364260
292	0	156.410796
293	1	156.429660
294	0	157.471892
295	1	157.490816
296	0	158.537184
297	1	158.556152
298	0	159.598232
299	1	159.617252
300	0	160.663496
301	1	160.682560
302	0	161.724476
303	1	161.743600
304	0	162.789708
305	1	162.808852
306	0	163.850640
307	1	163.869844
308	0	164.915828
309	1	164.935072
310	0	165.976684
311	1	165.995984
312	0	167.041800
313	1	167.061132
314	0	168.102652
315	1	168.122040
316	0	169.167696
317	1	169.187120
318	0	170.228468
319	1	170.247948
320	0	171.293444
321	1	171.312968
322	0	172.354152
323	1	172.373736
324	0	173.419032
325	1	173.438648
326	0	174.479696
327	1	174.499368
328	0	175.544512
329	1	175.564224
330	0	176.605116
331	1	176.624884
332	0	177.669888
333	1	177.689692
334	0	178.730432
335	1	178.750292
336	0	179.795164
337	1	179.815064
338	0	180.855636
339	1	180.875588
340	0	181.920304
341	1	181.940300
342	0	182.980736
343	1	183.000788
344	0	184.045368
345	1	184.065460
346	0	185.105744
347	1	185.125896
348	0	186.170348
349	1	186.190536
350	0	187.230668
351	1	187.250908
352	0	188.295256
353	1	188.315536
354	0	189.355504
355	1	189.375844
356	0	190.420020
357	1	190.440400
358	0	191.480212
359	1	191.500656
360	0	192.544676
361	1	192.565156
362	0	193.604844
363	1	193.625376
364	0	194.669264
365	1	194.689840
366	0	195.729360
367	1	195.749996
368	0	196.793744
369	1	196.814416
370	0	197.853800
371	1	197.874536
372	0	198.918152
373	1	198.938928
374	0	199.978144
375	1	199.998968
376	0	201.042464
377	1	201.063332
378	0	202.102396
379	1	202.123332
380	0	203.166636
381	1	203.187604
382	0	204.226524
383	1	204.247556
384	0	205.290620
385	1	205.311692
386	0	206.350508
387	1	206.371648
388	0	207.414568
389	1	207.435744
390	0	208.474384
391	1	208.495620
392	0	209.538416
393	1	209.559700
394	0	210.598160
395	1	210.619504
396	0	211.662148
397	1	211.683536
398	0	212.721848
399	1	212.743296
400	0	213.785860
401	1	213.807348
402	0	214.845480
403	1	214.867036
404	0	215.909484
405	1	215.931080
406	0	216.969040
407	1	216.990700
408	0	218.032996
409	1	218.054692
410	0	219.092492
411	1	219.114252
412	0	220.156360
413	1	220.178168
414	0	221.215828
415	1	221.237692
416	0	222.279684
417	1	222.301596
418	0	223.339084
419	1	223.361052
420	0	224.402924
421	1	224.424940
422	0	225.462252
423	1	225.484336
424	0	226.526060
425	1	226.548192
426	0	227.585276
427	1	227.607464
428	0	228.649076
429	1	228.671312
430	0	229.708276
431	1	229.730564
432	0	230.771964
433	1	230.794304
434	0	231.831136
435	1	231.853544
436	0	232.894732
437	1	232.917188
438	0	233.953952
439	1	233.976472
440	0	235.017424
441	1	235.039988
442	0	236.076596
443	1	236.099232
444	0	237.140144
445	1	237.162828
446	0	238.199176
447	1	238.221912
448	0	239.262760
449	1	239.285556
450	0	240.321700
451	1	240.344556
452	0	241.385328
453	1	241.408224
454	0	242.444192
455	1	242.467160
456	0	243.507784
457	1	243.530788
458	0	244.566572
459	1	244.589648
460	0	245.630180
461	1	245.653300
462	0	246.688904
463	1	246.712092
464	0	247.752520
465	1	247.775752
466	0	248.811180
467	1	248.834476
468	0	249.874732
469	1	249.898072
470	0	250.933344
471	1	250.956752
472	0	251.996888
473	1	252.020336
474	0	253.055444
475	1	253.078964
476	0	254.118956
477	1	254.142524
478	0	255.177480
479	1	255.201112
480	0	256.240952
481	1	256.264632
482	0	257.299412
483	1	257.323156
484	0	258.362852
485	1	258.386644
486	0	259.421272
487	1	259.445120
488	0	260.484684
489	1	260.508584
490	0	261.543056
491	1	261.567024
492	0	262.606432
493	1	262.630448
494	0	263.664772
495	1	263.688852
496	0	264.728064
497	1	264.752188
498	0	265.786364
499	1	265.810556
500	0	266.849616
501	1	266.873856
502	0	267.907872
503	1	267.932188
504	0	268.971128
505	1	268.995496
506	0	270.029344
507	1	270.053772
508	0	271.092620
509	1	271.117100
510	0	272.150776
511	1	272.175324
512	0	273.214016
513	1	273.238608
514	0	274.272120
515	1	274.296792
516	0	275.335316
517	1	275.360028
518	0	276.393476
519	1	276.418268
520	0	277.456496
521	1	277.481312
522	0	278.514660
523	1	278.539568
524	0	279.577608
525	1	279.602568
526	0	280.635696
527	1	280.660720
528	0	281.698748
529	1	281.723824
530	0	282.756848
531	1	282.782008
532	0	283.819820
533	1	283.845012
534	0	284.877840
535	1	284.903116
536	0	285.940996
537	1	285.966308
538	0	286.998812
539	1	287.024208
540	0	288.061944
541	1	288.087376
542	0	289.119792
543	1	289.145308
544	0	290.182824
545	1	290.208388
546	0	291.240680
547	1	291.266316
548	0	292.303532
549	1	292.329208
550	0	293.361476
551	1	293.387240
552	0	294.424340
553	1	294.450132
554	0	295.482232
555	1	295.508112
556	0	296.545060
557	1	296.570972
558	0	297.602880
559	1	297.628880
560	0	298.665708
561	1	298.691752
562	0	299.723484
563	1	299.749612
564	0	300.786268
565	1	300.812436
566	0	301.843996
567	1	301.870248
568	0	302.906804
569	1	302.933104
570	0	303.964316
571	1	303.990704
572	0	305.027272
573	1	305.053696
574	0	306.084660
575	1	306.111164
576	0	307.147588
577	1	307.174140
578	0	308.204924
579	1	308.231552