#Creator: pendulumSimpleEventBuffer
#Creation time: Wed Mar  1 17:42:31 2017
#Id	Edge	Time
#[]	[b]	[s]
0	0	0.369344
1	1	0.404916
2	0	1.424448
3	1	1.460236
4	0	2.486268
5	1	2.522112
6	0	3.541324
7	1	3.577328
8	0	4.603176
9	1	4.639240
10	0	5.658312
11	1	5.694496
12	0	6.720252
13	1	6.756524
14	0	7.775392
15	1	7.811676
16	0	8.837760
17	1	8.873924
18	0	9.892104
19	1	9.928704
20	0	10.954312
21	1	10.990968
22	0	12.009256
23	1	12.046052
24	0	13.071168
25	1	13.108048
26	0	14.125940
27	1	14.162952
28	0	15.187540
29	1	15.224612
30	0	16.242300
31	1	16.279536
32	0	17.304448
33	1	17.341776
34	0	18.359396
35	1	18.396852
36	0	19.421228
37	1	19.458772
38	0	20.475876
39	1	20.513580
40	0	21.537868
41	1	21.575668
42	0	22.592564
43	1	22.630496
44	0	23.654504
45	1	23.692500
46	0	24.709072
47	1	24.747232
48	0	25.771156
49	1	25.809356
50	0	26.825592
51	1	26.863948
52	0	27.887600
53	1	27.926000
54	0	28.942008
55	1	28.980556
56	0	30.004088
57	1	30.042680
58	0	31.058352
59	1	31.097072
60	0	32.120540
61	1	32.159304
62	0	33.174780
63	1	33.213688
64	0	34.236844
65	1	34.275796
66	0	35.291068
67	1	35.330152
68	0	36.353064
69	1	36.392204
70	0	37.407536
71	1	37.446792
72	0	38.469348
73	1	38.508652
74	0	39.523824
75	1	39.563268
76	0	40.585656
77	1	40.625164
78	0	41.640052
79	1	41.679692
80	0	42.702000
81	1	42.741712
82	0	43.756340
83	1	43.796160
84	0	44.818116
85	1	44.857988
86	0	45.872560
87	1	45.912564
88	0	46.934392
89	1	46.974460
90	0	47.988780
91	1	48.028964
92	0	49.050480
93	1	49.090736
94	0	50.104868
95	1	50.145240
96	0	51.166564
97	1	51.207000
98	0	52.220996
99	1	52.261568
100	0	53.282596
101	1	53.323280
102	0	54.336964
103	1	54.377760
104	0	55.398620
105	1	55.439464
106	0	56.453032
107	1	56.494024
108	0	57.514456
109	1	57.555516
110	0	58.568960
111	1	58.610180
112	0	59.630492
113	1	59.671780
114	0	60.684856
115	1	60.726300
116	0	61.746280
117	1	61.787796
118	0	62.800512
119	1	62.842156
120	0	63.861964
121	1	63.903704
122	0	64.916248
123	1	64.958124
124	0	65.977612
125	1	66.019556
126	0	67.031944
127	1	67.074064
128	0	68.093404
129	1	68.135648
130	0	69.147560
131	1	69.189864
132	0	70.209232
133	1	70.251620
134	0	71.263256
135	1	71.305804
136	0	72.324828
137	1	72.367452
138	0	73.379056
139	1	73.421864
140	0	74.440512
141	1	74.483400
142	0	75.494600
143	1	75.537632
144	0	76.556188
145	1	76.599296
146	0	77.610180
147	1	77.653472
148	0	78.671784
149	1	78.715108
150	0	79.725820
151	1	79.769332
152	0	80.787424
153	1	80.831004
154	0	81.841340
155	1	81.885056
156	0	82.902988
157	1	82.946780
158	0	83.956864
159	1	84.000808
160	0	85.018552
161	1	85.062564
162	0	86.072420
163	1	86.116580
164	0	87.134204
165	1	87.178416
166	0	88.187976
167	1	88.232356
168	0	89.249836
169	1	89.294276
170	0	90.303504
171	1	90.348012
172	0	91.365408
173	1	91.410080
174	0	92.418936
175	1	92.463760
176	0	93.480964
177	1	93.525876
178	0	94.534464
179	1	94.579508
180	0	95.596420
181	1	95.641508
182	0	96.649980
183	1	96.695244
184	0	97.711864
185	1	97.757164
186	0	98.765408
187	1	98.810880
188	0	99.827224
189	1	99.872780
190	0	100.880740
191	1	100.926448
192	0	101.942700
193	1	101.988476
194	0	102.996236
195	1	103.042224
196	0	104.058060
197	1	104.104100
198	0	105.111480
199	1	105.157652
200	0	106.173420
201	1	106.219676
202	0	107.226756
203	1	107.273184
204	0	108.288636
205	1	108.335120
206	0	109.341984
207	1	109.388628
208	0	110.403824
209	1	110.450544
210	0	111.457316
211	1	111.504188
212	0	112.518892
213	1	112.565880
214	0	113.572212
215	1	113.619352
216	0	114.634248
217	1	114.681472
218	0	115.687132
219	1	115.734504
220	0	116.749140
221	1	116.796532
222	0	117.802372
223	1	117.849984
224	0	118.864232
225	1	118.911944
226	0	119.917368
227	1	119.965228
228	0	120.978956
229	1	121.026952
230	0	122.032168
231	1	122.080316
232	0	123.093868
233	1	123.142124
234	0	124.146988
235	1	124.195380
236	0	125.208632
237	1	125.257148
238	0	126.261804
239	1	126.310464
240	0	127.323364
241	1	127.372056
242	0	128.376672
243	1	128.425616
244	0	129.438164
245	1	129.487200
246	0	130.491472
247	1	130.540692
248	0	131.553132
249	1	131.602456
250	0	132.605816
251	1	132.655380
252	0	133.667616
253	1	133.717204
254	0	134.720528
255	1	134.770308
256	0	135.782412
257	1	135.832348
258	0	136.835144
259	1	136.885208
260	0	137.897288
261	1	137.947460
262	0	138.949788
263	1	139.000136
264	0	140.012020
265	1	140.062496
266	0	141.064504
267	1	141.115132
268	0	142.126672
269	1	142.177440
270	0	143.179144
271	1	143.230088
272	0	144.241328
273	1	144.292364
274	0	145.293868
275	1	145.345092
276	0	146.356064
277	1	146.407428
278	0	147.408508
279	1	147.460072
280	0	148.470716
281	1	148.522360
282	0	149.523140
283	1	149.574940
284	0	150.585372
285	1	150.637280
286	0	151.637616
287	1	151.689712
288	0	152.700036
289	1	152.752200
290	0	153.752256
291	1	153.804604
292	0	154.814632
293	1	154.867060
294	0	155.866864
295	1	155.919488
296	0	156.929252
297	1	156.981956
298	0	157.981416
299	1	158.034308
300	0	159.043804
301	1	159.096796
302	0	160.096052
303	1	160.149268
304	0	161.158352
305	1	161.211628
306	0	162.210468
307	1	162.263972
308	0	163.272944
309	1	163.326460
310	0	164.324880
311	1	164.378608
312	0	165.387232
313	1	165.441044
314	0	166.439228
315	1	166.493244
316	0	167.501700
317	1	167.555824
318	0	168.553624
319	1	168.607932
320	0	169.616140
321	1	169.670508
322	0	170.667880
323	1	170.722452
324	0	171.730400
325	1	171.785060
326	0	172.782140
327	1	172.836980
328	0	173.844680
329	1	173.899628
330	0	174.896464
331	1	174.951612
332	0	175.958948
333	1	176.014148
334	0	177.010892
335	1	177.066324
336	0	178.073212
337	1	178.128724
338	0	179.125316
339	1	179.180996
340	0	180.187960
341	1	180.243784
342	0	181.239264
343	1	181.295324
344	0	182.302216
345	1	182.358376
346	0	183.353372
347	1	183.409696
348	0	184.416396
349	1	184.472844
350	0	185.467816
351	1	185.524488
352	0	186.530208
353	1	186.586988
354	0	187.581824
355	1	187.638844
356	0	188.644168
357	1	188.701308
358	0	189.695896
359	1	189.753228
360	0	190.758188
361	1	190.815684
362	0	191.809664
363	1	191.867308
364	0	192.872304
365	1	192.930064
366	0	193.923692
367	1	193.981652
368	0	194.986348
369	1	195.044384
370	0	196.037716
371	1	196.095940
372	0	197.100316
373	1	197.158648
374	0	198.151732
375	1	198.210260
376	0	199.214396
377	1	199.273032
378	0	200.265624
379	1	200.324428
380	0	201.328412
381	1	201.387324
382	0	202.379596
383	1	202.438720
384	0	203.442496
385	1	203.501692
386	0	204.493568
387	1	204.552972
388	0	205.556456
389	1	205.615944
390	0	206.607492
391	1	206.667180
392	0	207.670456
393	1	207.730228
394	0	208.721412
395	1	208.781404
396	0	209.784440
397	1	209.844504
398	0	210.835304
399	1	210.895592
400	0	211.898372
401	1	211.958720
402	0	212.949148
403	1	213.009720
404	0	214.012300
405	1	214.072964
406	0	215.062924
407	1	215.123812
408	0	216.126212
409	1	216.187108
410	0	217.176956
411	1	217.238136
412	0	218.239928
413	1	218.301184
414	0	219.290896
415	1	219.352392
416	0	220.354012
417	1	220.415632
418	0	221.404420
419	1	221.466212
420	0	222.467984
421	1	222.529864
422	0	223.518332
423	1	223.580456
424	0	224.581560
425	1	224.643768
426	0	225.632304
427	1	225.694764
428	0	226.695228
429	1	226.757824
430	0	227.745756
431	1	227.808584
432	0	228.808760
433	1	228.871712
434	0	229.859292
435	1	229.922456
436	0	230.922444
437	1	230.985740
438	0	231.972680
439	1	232.036188
440	0	233.036004
441	1	233.099644
442	0	234.086400
443	1	234.150276
444	0	235.149744
445	1	235.213752
446	0	236.199952
447	1	236.264220
448	0	237.263384
449	1	237.327756
450	0	238.313428
451	1	238.377996
452	0	239.377120
453	1	239.441836
454	0	240.426852
455	1	240.491776
456	0	241.490616
457	1	241.555656
458	0	242.540436
459	1	242.605772
460	0	243.603916
461	1	243.669292
462	0	244.654296
463	1	244.719928
464	0	245.717112
465	1	245.782872
466	0	246.767916
467	1	246.833912
468	0	247.830848
469	1	247.897064
470	0	248.880984
471	1	248.947428
472	0	249.944328
473	1	250.010912
474	0	250.993964
475	1	251.060768
476	0	252.057608
477	1	252.124528
478	0	253.107404
479	1	253.174540
480	0	254.170792
481	1	254.238020
482	0	255.221096
483	1	255.288576
484	0	256.284268
485	1	256.351896
486	0	257.334532
487	1	257.402376
488	0	258.397804
489	1	258.465740
490	0	259.448056
491	1	259.516244
