#Creator: wheelEventBuffer
#Creation time: Wed Apr  5 15:17:47 2017
#Time	Angular velocity
#[s]	[rad/s]
0.028280	10.804019
0.057372	10.794367
0.086490	10.783992
0.115632	10.772898
0.144802	10.770682
0.173980	10.762565
0.203166	10.761090
0.232378	10.752987
0.261592	10.752987
0.290804	10.752987
0.320024	10.753723
0.349232	10.754459
0.378446	10.754459
0.407648	10.759616
0.436844	10.762565
0.466034	10.763302
0.495226	10.761090
0.524418	10.761827
0.553632	10.750043
0.582866	10.740488
0.612128	10.731682
0.641418	10.719964
0.670738	10.710462
0.700078	10.700247
0.729452	10.696604
0.758828	10.689325
0.788212	10.687870
0.817628	10.679151
0.847042	10.679877
0.876454	10.679877
0.905874	10.680603
0.935284	10.679877
0.964702	10.680603
0.994102	10.687143
1.023500	10.688598
1.052886	10.691508
1.082278	10.688598
1.111672	10.686416
1.141086	10.676973
1.170526	10.666099
1.199990	10.657415
1.229484	10.645858
1.259008	10.636487
1.288554	10.625694
1.318130	10.622820
1.347710	10.616358
1.377300	10.614206
1.406918	10.605606
1.436538	10.604890
1.466156	10.605606
1.495782	10.607755
1.525392	10.606322
1.555016	10.607755
1.584618	10.613489
1.614220	10.614923
1.643812	10.617076
1.673410	10.614206
1.703004	10.614206
1.732624	10.603458
1.762264	10.592733
1.791936	10.582742
1.821638	10.572058
1.851368	10.562105
1.881124	10.550046
1.910910	10.548629
1.940702	10.540135
1.970502	10.539428
2.000330	10.531655
2.030158	10.530949
2.059986	10.530949
2.089822	10.531655
2.119646	10.531655
2.149478	10.533067
2.179292	10.538721
2.209104	10.539428
2.238906	10.542965
2.268712	10.538721
2.298522	10.538721
2.328352	10.527420
2.358206	10.518256
2.388088	10.507702
2.418002	10.496467
2.447946	10.488057
2.477910	10.476166
2.507908	10.474070
2.537912	10.466393
2.567924	10.463605
2.597966	10.457335
2.628004	10.457335
2.658046	10.455943
2.688090	10.459424
2.718122	10.458728
2.748164	10.459424
2.778186	10.464999
2.808208	10.466393
2.838220	10.468486
2.868236	10.466393
2.898254	10.464302
2.928292	10.455247
2.958356	10.444125
2.988452	10.433026
3.018580	10.421950
3.048734	10.414349
3.078916	10.400558
3.109130	10.399181
3.139346	10.393676
3.169572	10.389552
3.199826	10.383371
3.230080	10.383371
3.260332	10.383371
3.290592	10.384057
3.320840	10.384057
3.351096	10.385430
3.381334	10.390926
3.411570	10.391614
3.441796	10.395052
3.472026	10.390926
3.502262	10.389552
3.532518	10.379940
3.562800	10.368977
3.593110	10.358720
3.623456	10.348484
3.653828	10.338267
3.684226	10.327392
3.714658	10.324677
3.745094	10.317217
3.775540	10.315862
3.806012	10.308415
3.836488	10.307063
3.866960	10.309092
3.897438	10.310445
3.927904	10.309092
3.958380	10.311122
3.988834	10.316540
4.019288	10.317217
4.049734	10.320607
4.080182	10.316540
4.110634	10.315185
4.141112	10.304358
4.171614	10.294228
4.202146	10.283446
4.232714	10.272014
4.263310	10.263289
4.293934	10.251901
4.324586	10.249226
4.355248	10.242543
4.385914	10.240539
4.416614	10.233201
4.447310	10.232534
4.478008	10.233201
4.508712	10.233868
4.539402	10.235201
4.570098	10.236535
4.600778	10.241207
4.631454	10.241875
4.662124	10.244547
4.692798	10.240539
4.723478	10.239872
4.754178	10.228536
4.784906	10.219220
4.815662	10.207930
4.846458	10.196666
4.877280	10.188068
4.908130	10.175528
4.939014	10.172892
4.969902	10.166967
5.000802	10.164335
5.031726	10.157762
5.062652	10.157762
5.093576	10.157762
5.124504	10.160390
5.155422	10.159076
5.186348	10.159733
5.217256	10.166309
5.248158	10.166967
5.279056	10.169599
5.309956	10.165651
5.340862	10.163677
5.371792	10.153166
5.402752	10.142022
5.433740	10.131555
5.464768	10.120458
5.495822	10.111989
5.526904	10.099636
5.558018	10.098337
5.589140	10.089256
5.620272	10.089256
5.651430	10.081486
5.682588	10.081486
5.713748	10.081486
5.744910	10.083427
5.776062	10.082780
5.807220	10.084722
5.838364	10.089256
5.869500	10.089904
5.900632	10.093146
5.931768	10.089256
5.962906	10.087960
5.994068	10.076959
6.025262	10.066626
6.056484	10.055027
6.087748	10.044097
6.119040	10.034473
6.150362	10.022947
6.181714	10.021029
6.213074	10.013363
6.244444	10.011449
6.275844	10.005072
6.307240	10.005072
6.338636	10.004435
6.370038	10.007622
6.401428	10.006347
6.432824	10.007622
6.464204	10.014002
6.495576	10.014002
6.526946	10.016556
6.558320	10.012087
6.589698	10.010811
6.621102	9.999340
6.652542	9.987260
6.684002	9.979012
6.715510	9.966982
6.747044	9.957504
6.778606	9.945526
6.810204	9.943637
6.841810	9.935461
6.873424	9.934204
6.905066	9.928553
6.936706	9.927298
6.968348	9.927925
6.999992	9.930436
7.031624	9.930436
7.063262	9.931064
7.094884	9.936089
7.126502	9.937346
7.158114	9.939233
7.189730	9.935461
7.221352	9.933576
7.253000	9.922281
7.284680	9.911638
7.316392	9.899769
7.348144	9.889796
7.379926	9.879222
7.411738	9.868671
7.443582	9.866191
7.475434	9.859379
7.507292	9.857523
7.539184	9.850723
7.571070	9.851341
7.602958	9.850723
7.634852	9.852577
7.666730	9.853195
7.698618	9.854431
7.730486	9.858761
7.762350	9.860617
7.794208	9.863094
7.826072	9.857523
7.857942	9.856286
7.889838	9.845167
7.921766	9.834072
7.953728	9.823617
7.985730	9.811345
8.017762	9.802161
8.049828	9.790553
8.081924	9.788723
8.114028	9.781408
8.146142	9.780190
8.178282	9.773496
8.210426	9.772888
8.242564	9.774104
8.274708	9.775929
8.306840	9.775321
8.338980	9.776538
8.371102	9.782017
8.403218	9.782626
8.435328	9.785064
8.467446	9.780190
8.499570	9.777755
8.531722	9.767419
8.563906	9.755287
8.596124	9.744394
8.628386	9.733525
8.660676	9.723885
8.692998	9.712461
8.725354	9.710060
8.757718	9.702862
8.790090	9.702263
8.822492	9.695077
8.854892	9.695077
8.887290	9.695675
8.919694	9.697471
8.952084	9.698070
8.984482	9.698668
9.016860	9.704061
9.049236	9.704061
9.081606	9.707059
9.113980	9.702263
9.146362	9.700465
9.178772	9.689694
9.211212	9.677754
9.243690	9.667034
9.276212	9.654556
9.308764	9.645664
9.341350	9.634423
9.373968	9.631469
9.406596	9.624388
9.439232	9.623798
9.471894	9.618494
9.504556	9.617317
9.537216	9.617317
9.569884	9.619673
9.602536	9.619673
9.635196	9.620262
9.667840	9.626157
9.700474	9.627337
9.733106	9.628517
9.765744	9.624388
9.798390	9.621440
9.831066	9.609668
9.863776	9.598511
9.896522	9.588550
9.929308	9.576275
9.962128	9.567525
9.994980	9.555885
10.027864	9.553560
10.060760	9.546592
10.093662	9.545432
10.126594	9.539056
10.159524	9.539635
10.192452	9.539056
10.225386	9.542533
10.258302	9.541953
10.291230	9.542533
10.324138	9.548914
10.357040	9.548333
10.389938	9.550656
10.422844	9.546592
10.455754	9.543113
10.488700	9.532110
10.521678	9.519978
10.554694	9.509604
10.587752	9.497529
10.620846	9.487777
10.653974	9.476329
10.687134	9.474614
10.720304	9.466620
10.753484	9.466050
10.786694	9.459209
10.819900	9.460349
10.853102	9.460349
10.886314	9.462058
10.919508	9.463199
10.952710	9.463199
10.985894	9.469474
11.019070	9.469474
11.052246	9.471187
11.085424	9.467191
11.118614	9.463199
11.151836	9.452948
11.185090	9.440449
11.218386	9.429681
11.251724	9.418373
11.285096	9.408219
11.318502	9.397525
11.351944	9.394715
11.385394	9.387977
11.418852	9.386855
11.452340	9.380129
11.485828	9.381249
11.519310	9.381809
11.552800	9.382930
11.586272	9.384612
11.619754	9.384612
11.653216	9.389661
11.686674	9.390783
11.720126	9.392468
11.753586	9.387416
11.787056	9.384612
11.820558	9.372852
11.854096	9.360564
11.887676	9.349978
11.921300	9.337750
11.954960	9.327769
11.988656	9.316704
12.022384	9.315047
12.056122	9.307871
12.089868	9.306217
12.123646	9.300707
12.157422	9.300707
12.191192	9.301808
12.224968	9.303461
12.258730	9.304012
12.292498	9.305114
12.326246	9.310630
12.359990	9.310630
12.393730	9.312286
12.427478	9.307320
12.461238	9.303461
12.495030	9.293003
12.528856	9.280924
12.562728	9.268875
12.596644	9.256859
12.630598	9.248139
12.664584	9.236175
12.698608	9.234546
12.732638	9.227494
12.766680	9.225868
12.800752	9.219912
12.834822	9.220453
12.868886	9.221535
12.902958	9.223160
12.937014	9.223701
12.971074	9.224785
13.005118	9.230205
13.039154	9.230748
13.073186	9.232375
13.107226	9.227494
13.141278	9.223160
13.175366	9.212341
13.209490	9.200470
13.243654	9.189168
13.277866	9.177356
13.312114	9.167715
13.346398	9.156493
13.380718	9.154892
13.415046	9.146895
13.449386	9.146895
13.483752	9.139976
13.518122	9.140508
13.552482	9.142104
13.586852	9.142636
13.621204	9.144765
13.655560	9.145830
13.689898	9.150092
13.724232	9.150625
13.758562	9.152758
13.792900	9.147428
13.827250	9.143168
13.861636	9.132006
13.896060	9.119811
13.930528	9.108706
13.965042	9.096047
13.999600	9.086050
14.034188	9.076075
14.068816	9.072406
14.103454	9.065599
14.138102	9.065076
14.172778	9.058802
14.207456	9.059325
14.242124	9.060893
14.276800	9.062984
14.311456	9.062984
14.346124	9.063507
14.380770	9.069787
14.415410	9.069787
14.450048	9.070834
14.484694	9.065076
14.519356	9.062461
14.554052	9.048887
14.588790	9.038474
14.623568	9.026528
14.658398	9.014096
14.693266	9.005311
14.728170	8.992937
14.763114	8.991393
14.798064	8.984707
14.833026	8.983166
14.868018	8.977518
14.903008	8.978031
14.937994	8.978544
14.972984	8.981625
15.007954	8.981625
15.042936	8.983679
15.077892	8.987792
15.112846	8.988306
15.147798	8.989335
15.182758	8.984707
15.217732	8.980598
15.252744	8.967780
15.287796	8.956531
15.322894	8.944291
15.358044	8.932592
15.393232	8.922444
15.428458	8.911308
15.463724	8.908781
15.498998	8.902722
15.534280	8.901209
15.569596	8.895160
15.604908	8.896672
15.640214	8.897175
15.675524	8.900200
15.710816	8.899696
15.746118	8.901209
15.781398	8.906256
15.816674	8.906761
15.851944	8.907266
15.887230	8.901713
15.922526	8.898688
15.957862	8.885600
15.993240	8.874054
16.028664	8.862039
16.064140	8.849557
16.099660	8.839597
16.135214	8.828666
16.170812	8.826186
16.206416	8.819248
16.242032	8.818753
16.277678	8.812322
16.313324	8.812816
16.348962	8.814794
16.384606	8.816278
16.420232	8.816773
16.455868	8.818258
16.491478	8.822716
16.527088	8.823707
16.562690	8.824203
16.598308	8.818753
16.633940	8.814300
16.669612	8.801952
16.705326	8.790131
16.741090	8.777850
16.776906	8.765605
16.812764	8.756320
16.848662	8.744621
16.884596	8.742674
16.920544	8.734896
16.956502	8.735382
16.992488	8.729071
17.028472	8.730526
17.064450	8.731012
17.100432	8.733925
17.136394	8.734410
17.172364	8.735867
17.208312	8.740729
17.244258	8.740242
17.280200	8.741215
17.316154	8.735867
17.352126	8.731012
17.388138	8.718896
17.424194	8.707297
17.460296	8.694765
17.496458	8.681790
17.532662	8.672683
17.568902	8.661206
17.605186	8.659296
17.641480	8.651665
17.677784	8.651665
17.714118	8.645475
17.750450	8.646903
17.786776	8.647379
17.823104	8.650712
17.859414	8.650712
17.895732	8.652142
17.932028	8.656910
17.968320	8.657387
18.004606	8.657864
18.040910	8.652142
18.077228	8.646903
18.113594	8.634544
18.150000	8.622222
18.186462	8.609934
18.222976	8.597681
18.259538	8.587341
18.296138	8.576557
18.332782	8.573748
18.369434	8.567201
18.406098	8.566267
18.442794	8.561131
18.479482	8.562531
18.516166	8.563465
18.552852	8.565800
18.589520	8.566734
18.626196	8.567668
18.662848	8.572812
18.699496	8.572812
18.736144	8.572812
18.772804	8.567668
18.809482	8.562531
18.846204	8.549947
18.882974	8.537865
18.919794	8.525353
18.956674	8.512417
18.993598	8.503201
19.030564	8.491709
19.067572	8.488956
19.104592	8.482538
19.141622	8.481622
19.178680	8.477044
19.215738	8.477502
19.252784	8.479332
19.289838	8.481164
19.326872	8.482080
19.363910	8.483912
19.400926	8.488497
19.437940	8.488038
19.474950	8.488497
19.511978	8.482996
19.549020	8.478417
19.586108	8.465167
19.623248	8.452412
19.660442	8.439697
19.697694	8.427471
19.734994	8.417085
19.772336	8.405824
19.809722	8.403575
19.847118	8.397286
19.884524	8.396388
19.921960	8.391454
19.959394	8.391903
19.996820	8.393248
20.034252	8.396388
20.071658	8.396837
20.109076	8.398184
20.146468	8.402676
20.183860	8.402676
20.221248	8.403126
20.258650	8.397286
20.296074	8.391454
20.333546	8.378921
20.371068	8.365980
20.408646	8.353522
20.446282	8.341102
20.483970	8.330927
20.521698	8.319896
20.559470	8.317253
20.597256	8.310212
20.635050	8.310212
20.672878	8.304940
20.710698	8.306697
20.748510	8.307575
20.786326	8.310652
20.824120	8.310652
20.861924	8.312851
20.899702	8.316812
20.937478	8.316812
20.975252	8.317253
21.013044	8.311092
21.050852	8.305818
21.088712	8.293539
21.126622	8.279551
21.164592	8.267349
21.202624	8.254316
21.240706	8.243919
21.278834	8.232685
21.317006	8.230097
21.355188	8.224495
21.393382	8.223203
21.431608	8.218041
21.469826	8.220191
21.508038	8.220621
21.546252	8.224065
21.584446	8.224495
21.622644	8.226218
21.660820	8.230097
21.698994	8.230960
21.737164	8.230528
21.775354	8.223634
21.813566	8.218471
21.851828	8.206020
21.890142	8.192325
21.928516	8.179953
21.966954	8.167618
22.005442	8.157015
22.043976	8.145172
22.082560	8.142638
22.121152	8.137155
22.159752	8.136733
22.198382	8.132099
22.237010	8.133363
22.275624	8.135048
22.314246	8.136733
22.352846	8.137998
22.391450	8.140528
22.430028	8.143905
22.468608	8.143905
22.507184	8.143905
22.545780	8.137576
22.584398	8.132099
22.623068	8.118650
22.661794	8.105244
22.700584	8.092300
22.739438	8.079397
22.778346	8.068607
22.817302	8.058258
22.856302	8.054540
22.895316	8.049174
22.934342	8.047937
22.973398	8.043404
23.012448	8.045052
23.051490	8.046288
23.090532	8.049587
23.129554	8.049999
23.168580	8.051650
23.207582	8.056192
23.246582	8.056192
23.285580	8.055779
23.324598	8.049587
23.363638	8.043404
23.402736	8.030246
23.441890	8.015903
23.481110	8.004058
23.520392	7.991028
23.559732	7.980472
23.599120	7.969136
23.638554	7.966307
23.678002	7.960251
23.717460	7.960654
23.756944	7.956219
23.796424	7.957428
23.835894	7.958638
23.875370	7.961058
23.914822	7.962268
23.954278	7.964287
23.993710	7.968327
24.033138	7.968327
24.072568	7.967519
24.112016	7.961865
24.151492	7.954607
24.191022	7.941738
24.230616	7.927709
24.270272	7.914927
24.310000	7.901787
24.349782	7.891466
24.389612	7.880776
24.429492	7.877219
24.469386	7.870904
24.509292	7.870904
24.549228	7.866174
24.589158	7.868144
24.629076	7.869721
24.668994	7.872877
24.708890	7.873666
24.748790	7.875640
24.788664	7.879986
24.828538	7.879590
24.868410	7.878800
24.908306	7.872087
24.948228	7.865780
24.988208	7.852411
25.028250	7.839087
25.068360	7.825029
25.108542	7.811798
25.148784	7.800935
25.189078	7.790489
25.229416	7.787399
25.269772	7.781613
25.310136	7.781227
25.350532	7.776989
25.390922	7.777760
25.431302	7.779686
25.471684	7.782769
25.512042	7.783155
25.552406	7.785084
25.592744	7.789330
25.633080	7.789330
25.673416	7.788558
25.713774	7.781613
25.754162	7.774680
25.794610	7.762002
25.835120	7.747836
25.875700	7.734484
25.916354	7.721177
25.957068	7.710944
25.997832	7.699982
26.038648	7.696586
26.079480	7.690557
26.120320	7.690181
26.161194	7.686042
26.202060	7.687923
26.242912	7.689804
26.283764	7.693194
26.324592	7.693948
26.365424	7.695832
26.406232	7.699982
26.447034	7.699605
26.487840	7.698850
26.528670	7.692064
26.569528	7.684914
26.610450	7.671777
26.651440	7.656819
26.692502	7.643406
26.733644	7.629669
26.774844	7.619307
26.816100	7.608236
26.857406	7.605657
26.898726	7.599769
26.940054	7.599402
26.981418	7.594992
27.022770	7.597196
27.064112	7.599402
27.105450	7.602344
27.146766	7.603448
27.188082	7.605289
27.229376	7.609341
27.270666	7.608973
27.311958	7.608236
27.353274	7.600505
27.394626	7.593891
27.436040	7.580332
27.477522	7.566092
27.519078	7.552632
27.560712	7.538857
27.602414	7.528018
27.644170	7.516491
27.685984	7.512896
27.727812	7.507151
27.769650	7.507151
27.811524	7.502490
27.853390	7.503565
27.895244	7.505716
27.937100	7.508946
27.978928	7.509664
28.020762	7.512178
28.062566	7.515772
28.104372	7.515053
28.146180	7.514334
28.188012	7.507510
28.229878	7.499624
28.271814	7.485686
28.313822	7.471088
28.355908	7.457256
28.398076	7.443827
28.440308	7.432907
28.482600	7.421669
28.524944	7.418865
28.567306	7.412214
28.609678	7.412913
28.652082	7.408368
28.694478	7.410815
28.736856	7.412913
28.779236	7.416063
28.821586	7.417464
28.863940	7.419566
28.906268	7.423423
28.948592	7.422371
28.990922	7.422020
29.033278	7.413963
29.075672	7.406622
29.118134	7.392678
29.160672	7.378095
29.203290	7.363568
29.245994	7.350474
29.288766	7.338798
29.331600	7.327501
29.374488	7.324767
29.417390	7.319306
29.460304	7.318965
29.503252	7.315216
29.546188	7.316579
29.589112	7.319306
29.632034	7.321694
29.674928	7.324084
29.717822	7.325792
29.760694	7.329210
29.803560	7.328868
29.846434	7.327501
29.889334	7.319988
29.932274	7.312151
29.975288	7.297544
30.018378	7.283670
30.061550	7.268840
30.104812	7.255410
30.148144	7.244368
30.191536	7.233026
30.234988	7.229365
30.278456	7.224045
30.321934	7.223713
30.365446	7.220392
30.408946	7.222716
30.452428	7.225042
30.495908	7.228034
30.539360	7.229697
30.582814	7.231694
30.626240	7.235358
30.669668	7.234359
30.713100	7.233026
30.756560	7.225706
30.800062	7.217406
30.843640	7.203175
30.887300	7.188012
30.931046	7.173569
30.974886	7.159183
31.018798	7.148431
31.062774	7.137064
31.106806	7.134470
31.150856	7.128642
31.194914	7.128642
31.239008	7.125085
31.283088	7.127348
31.327152	7.129937
31.371210	7.133174
31.415240	7.135118
31.459272	7.136415
31.503278	7.140308
31.547282	7.139659
31.591290	7.138037
31.635334	7.129613
31.679422	7.121532
31.723588	7.106711
31.767840	7.091951
31.812180	7.077572
31.856612	7.063568
31.901122	7.052469
31.945698	7.040457
31.990336	7.037618
32.034990	7.031947
32.079656	7.032262
32.124348	7.029430
32.169030	7.031317
32.213696	7.034151
32.258358	7.036672
32.302988	7.038879
32.347620	7.041088
32.392224	7.044246
32.436828	7.043614
32.481436	7.042035
32.526080	7.033836
32.570770	7.025342
32.615544	7.010293
32.660404	6.994996
32.705364	6.979766
32.750420	6.965528
32.795556	6.954427
32.840760	6.943053
32.886024	6.939679
32.931310	6.934165
32.976604	6.934471
33.021932	6.930493
33.067250	6.932940
33.112548	6.935696
33.157842	6.938759
33.203106	6.940599
33.248368	6.942439
33.293604	6.946430
33.338838	6.945202
33.384080	6.943053
33.429362	6.934777
33.474690	6.926521
33.520104	6.910675
33.565612	6.896112
33.611216	6.880404
33.656926	6.865969
33.702718	6.854583
33.748580	6.842938
33.794508	6.839660
33.840452	6.834898
33.886406	6.834898
33.932390	6.832223
33.978360	6.834304
34.024314	6.836981
34.070260	6.840256
34.116174	6.842043
34.162090	6.844428
34.207974	6.847711
34.253858	6.846815
34.299752	6.844727
34.345686	6.836088
34.391670	6.826878
34.437748	6.811484
34.483924	6.795571
34.530198	6.781196
34.576578	6.766591
34.623044	6.755242
34.669580	6.743641
34.716186	6.739880
34.762812	6.734678
34.809450	6.734678
34.856118	6.732080
34.902768	6.735256
34.949398	6.737856
34.996018	6.741326
35.042606	6.743352
35.089196	6.745089
35.135754	6.748856
35.182314	6.747117
35.228884	6.745379
35.275494	6.736700
35.322158	6.727755
35.368916	6.712518
35.415772	6.696207
35.462742	6.680260
35.509822	6.665802
35.556990	6.654225
35.604236	6.642126
35.651552	6.639318
35.698882	6.634271
35.746226	6.634551
35.793600	6.631750
35.840958	6.633991
35.888296	6.637074
35.935628	6.640441
35.982920	6.642968
36.030212	6.644655
36.077478	6.648029
36.124740	6.646904
36.172016	6.644655
36.219336	6.635112
36.266716	6.625876
36.314196	6.609705
36.361780	6.594166
36.409474	6.578976
36.457284	6.563582
36.505186	6.552083
36.553168	6.540624
36.601220	6.536814
36.649294	6.531921
36.697380	6.531921
36.745492	6.530020
36.793588	6.533279
36.841656	6.536270
36.889718	6.538991
36.937744	6.541714
36.985770	6.543076
37.033764	6.547167
37.081760	6.545530
37.129768	6.542804
37.177822	6.534366
37.225936	6.524324
37.274154	6.508105
37.322488	6.491430
37.370940	6.475641
37.419514	6.460195
37.468186	6.447996
37.516942	6.436635
37.565768	6.433471
37.614618	6.427943
37.663478	6.428206
37.712374	6.425576
37.761250	6.428206
37.810100	6.431891
37.858942	6.435316
37.907740	6.437954
37.956538	6.440065
38.005306	6.442971
38.054072	6.441914
38.102856	6.439009
38.151690	6.428995
38.200592	6.419274
38.249602	6.403311
38.298724	6.386909
38.347970	6.371365
38.397338	6.355897
38.446814	6.343064
38.496376	6.331814
38.546012	6.328242
38.595672	6.323148
38.645340	6.324421
38.695036	6.322130
38.744708	6.325439
38.794354	6.328752
38.843992	6.332069
38.893586	6.334622
38.943180	6.336667
38.992742	6.339736
39.042304	6.338712
39.091882	6.335389
39.141516	6.325949
39.191216	6.315775
39.241034	6.298554
39.290978	6.281678
39.341050	6.265392
39.391254	6.250433
39.441564	6.237774
39.491964	6.226401
39.542442	6.222947
39.592942	6.217528
39.643458	6.217774
39.694006	6.215314
39.744534	6.218759
39.795030	6.221961
39.845514	6.226154
39.895956	6.228129
39.946398	6.230352
39.996804	6.233319
40.047216	6.231835
40.097646	6.228376
40.148132	6.218513
40.198694	6.208190
40.249374	6.191306
40.300184	6.174514
40.351132	6.157571
40.402216	6.141921
40.453420	6.128741
40.504718	6.117046
40.556096	6.113713
40.607496	6.108958
40.658908	6.109908
40.710346	6.108008
40.761762	6.111097
40.813150	6.113951
40.864526	6.117999
40.915856	6.120860
40.967180	6.123246
41.018470	6.126112
41.069764	6.124440
41.121078	6.120860
41.172454	6.110859
41.223912	6.099706
41.275498	6.081993
41.327220	6.065319
41.379086	6.048503
41.431092	6.033171
41.483218	6.020222
41.535440	6.008708
41.587750	6.004573
41.640086	5.999757
41.692434	5.999986
41.744812	5.998611
41.797162	6.002508
41.849476	6.006180
41.901776	6.010087
41.954028	6.012848
42.006274	6.014690
42.058490	6.017916
42.110706	6.015841
42.162948	6.012618
42.215248	6.002508
42.267634	5.991518
42.320158	5.973291
42.372828	5.955626
42.425652	5.938065
42.478632	5.921723
42.531740	5.908137
42.584958	5.896383
42.638264	5.892180
42.691600	5.886660
42.744954	5.887101
42.798340	5.885337
42.851696	5.888867
42.905022	5.892622
42.958326	5.896604
43.011580	5.899705
43.064828	5.902365
43.118038	5.905027
43.171256	5.902808
43.224498	5.899040
43.277812	5.888205
43.331218	5.876749
43.384766	5.858557
43.438468	5.841346
43.492326	5.824236
43.546342	5.807869
43.600492	5.795013
43.654750	5.782427
43.709108	5.778173
43.763490	5.773925
43.817884	5.774774
43.872304	5.773925
43.926688	5.777960
43.981034	5.782001
44.035362	5.785622
44.089638	5.788607
44.143910	5.790527
44.198146	5.793731
44.252384	5.791595
44.306650	5.787754
44.360990	5.777110
44.415428	5.764813
44.470024	5.745835
44.524786	5.726981
44.579722	5.709703
44.634826	5.692941
44.690068	5.679767
44.745428	5.667676
44.800884	5.664201
44.856362	5.659711
44.911856	5.659915
44.967382	5.658692
45.022874	5.662772
45.078324	5.666653
45.133754	5.671154
45.189124	5.674227
45.244488	5.676483
45.299818	5.678946
45.355154	5.676688
45.410522	5.672383
45.465968	5.661343
45.521522	5.649127
45.577234	5.630296
45.633122	5.611991
45.689186	5.594402
45.745432	5.576726
45.801830	5.563295
45.858352	5.550517
45.914976	5.546989
45.971628	5.542683
46.028292	5.543270
46.084984	5.542487
46.141640	5.546206
46.198258	5.549929
46.254852	5.554246
46.311388	5.557587
46.367914	5.559357
46.424406	5.562704
46.480900	5.560341
46.537426	5.555621
46.594046	5.544444
46.650772	5.531168
46.707682	5.511566
46.764778	5.492679
46.822062	5.474684
46.879540	5.457375
46.937170	5.443947
46.994932	5.431710
47.052798	5.427581
47.110700	5.422710
47.168614	5.423833
47.226552	5.423084
47.284454	5.427394
47.342306	5.431710
47.400130	5.436598
47.457890	5.439611
47.515642	5.442060
47.573352	5.444513
47.631074	5.441872
47.688836	5.437163
47.746686	5.425707
47.804658	5.412620
47.862818	5.392552
47.921182	5.372815
47.979758	5.353406
48.038554	5.333230
48.097548	5.316443
48.156708	5.301550
48.216008	5.295474
48.275358	5.289589
48.334732	5.289945
48.394138	5.289233
48.453506	5.293154
48.512824	5.297795
48.572108	5.302445
48.631326	5.305848
48.690534	5.308538
48.749694	5.311051
48.808872	5.308000
48.868092	5.303161
48.927414	5.290123
48.986878	5.276263
49.046542	5.256488
49.106420	5.236686
49.166512	5.218072
49.226822	5.200107
49.287320	5.185687
49.347958	5.173049
49.408722	5.168453
49.469528	5.163696
49.530344	5.164885
49.591184	5.164885
49.651978	5.169304
49.712716	5.173901
49.773422	5.178506
49.834056	5.181923
49.894682	5.184146
49.955262	5.186714
50.015856	5.183975
50.076494	5.178677
50.137244	5.166243
50.198140	5.151841
50.259254	5.130974
50.320608	5.109776
50.382206	5.089742
50.444042	5.071011
50.506078	5.056483
50.568270	5.043980
50.630584	5.040096
50.692936	5.035733
50.755298	5.037025
50.817682	5.036864
50.880018	5.041876
50.942290	5.046411
51.004520	5.052254
51.066670	5.055832
51.128804	5.058600
51.190890	5.060718
51.252996	5.057622
51.315154	5.051767
51.377434	5.038964
51.439870	5.024297
51.502540	5.003492
51.565456	4.982859
51.628628	4.962551
51.692064	4.942564
51.755730	4.925671
51.819594	4.910580
51.883618	4.903988
51.947710	4.897719
52.011832	4.898482
52.075984	4.898024
52.140086	4.902610
52.204126	4.907358
52.268124	4.912269
52.332044	4.915959
52.395942	4.919038
52.459790	4.921041
52.523658	4.918422
52.587576	4.912576
52.651628	4.899093
52.715858	4.883558
52.780348	4.861040
52.845118	4.839324
52.910166	4.818985
52.975492	4.799549
53.041042	4.784491
53.106774	4.772136
53.172646	4.767357
53.238564	4.763020
53.304496	4.764176
53.370448	4.764754
53.436342	4.769818
53.502154	4.775618
53.567914	4.781287
53.633582	4.785220
53.699230	4.787845
53.764828	4.789743
53.830450	4.786532
53.896138	4.779978
53.961968	4.766489
54.027992	4.750201
54.094294	4.728181
54.160890	4.706365
54.227790	4.684889
54.294996	4.664439
54.362452	4.648564
54.430116	4.635258
54.497932	4.630203
54.565798	4.626930
54.633660	4.629111
54.701536	4.629930
54.769344	4.635395
54.837072	4.640462
54.904744	4.645952
54.972320	4.650353
55.039866	4.653660
55.107360	4.655315
55.174874	4.652419
55.242460	4.645677
55.310200	4.631568
55.378162	4.614018
55.446428	4.591495
55.515018	4.568925
55.583932	4.547628
55.653166	4.527573
55.722668	4.511708
55.792386	4.498400
55.862268	4.493382
55.932206	4.489144
56.002154	4.490941
56.072112	4.492354
56.141990	4.498271
56.211774	4.504334
56.281488	4.510283
56.351100	4.514431
56.420682	4.517287
56.490208	4.519367
56.559764	4.515599
56.629394	4.508989
56.699200	4.494281
56.769242	4.476734
56.839618	4.453002
56.910352	4.429520
56.981456	4.406284
57.052928	4.385005
57.124698	4.368420
57.196704	4.354976
57.268886	4.350152
57.341122	4.346541
57.413364	4.348586
57.485610	4.350272
57.557770	4.356063
57.629834	4.361869
57.701816	4.368298
57.773684	4.373041
57.845514	4.376331
57.917282	4.378160
57.989082	4.374259
58.060978	4.366477
58.133072	4.350875
58.205432	4.332634
58.278158	4.308627
58.351274	4.284652
58.424784	4.261751
58.498684	4.240696
58.572910	4.223025
58.647404	4.209219
58.722092	4.203699
58.796848	4.199878
58.871600	4.202687
58.946352	4.204825
59.020996	4.211589
59.095526	4.217922
59.169970	4.223933
59.244292	4.228709
59.318570	4.232127
59.392784	4.233838
59.467034	4.230076
59.541380	4.222571
59.615936	4.206852
59.690798	4.187115
59.766068	4.161822
59.841784	4.136287
59.917950	4.112355
59.994550	4.090189
60.071508	4.072903
60.148746	4.059325
60.226194	4.054191
60.303708	4.050323
60.381228	4.052204
60.458752	4.054610
60.536158	4.061424
60.613436	4.068156
60.690608	4.075227
60.767640	4.080202
60.844616	4.084128
60.921528	4.085296
60.998482	4.080944
61.075562	4.072163
61.152886	4.055866
61.230542	4.035443
61.308652	4.010203
61.387246	3.984265
61.466336	3.959458
61.545910	3.936438
61.625902	3.917198
61.706224	3.902600
61.786780	3.897468
61.867406	3.893989
61.948028	3.896984
62.028624	3.900468
62.109090	3.907454
62.189410	3.914172
62.269618	3.920913
62.349674	3.926402
62.429666	3.930332
62.509578	3.932004
62.589538	3.927776
62.669630	3.918664
62.750000	3.901436
62.830760	3.879563
62.912048	3.851596
62.993928	3.822447
63.076418	3.793736
63.159524	3.766627
63.243168	3.744092
63.327254	3.725798
63.411682	3.716278
63.496272	3.709871
63.580912	3.710835
63.665552	3.713818
63.750050	3.721120
63.834380	3.728628
63.918566	3.736344
64.002578	3.741862
64.086516	3.745252
64.170386	3.746414
64.254310	3.741951
64.338394	3.732260
64.422796	3.714257
64.507644	3.691822
64.593084	3.663750
64.679166	3.635261
64.765908	3.607709
64.853296	3.582040
64.941232	3.561573
65.029598	3.546376
65.118260	3.540222
65.207016	3.537511
65.295750	3.540860
65.384442	3.544935
65.472960	3.552472
65.561288	3.560120
65.649450	3.568045
65.737410	3.574216
65.825276	3.578694
65.913052	3.579673
66.000898	3.574622
66.088940	3.563755
66.177370	3.543816
66.266336	3.519597
66.355994	3.489805
66.446402	3.459904
66.537562	3.431859
66.629454	3.405668
66.721966	3.384462
66.814978	3.368494
66.908344	3.360999
67.001848	3.357120
67.095348	3.360280
67.188796	3.364670
67.282032	3.373486
67.375036	3.381693
67.467846	3.389574
67.560430	3.396096
67.652904	3.400213
67.745286	3.401465
67.837740	3.396243
67.930414	3.385410
68.023524	3.365391
68.117242	3.339846
68.211772	3.308681
68.307180	3.276930
68.403490	3.246520
68.500666	3.218647
68.598578	3.196964
68.697058	3.180780
68.795920	3.174160
68.894916	3.171340
68.993884	3.174994
69.092772	3.179943
69.191418	3.188722
69.289790	3.197680
69.387912	3.206885
69.485754	3.214300
69.583452	3.218977
69.681038	3.219967
69.778728	3.213774
69.876702	3.201329
69.975208	3.179557
70.074464	3.152057
70.174674	3.119383
70.275932	3.086044
70.378258	3.053707
70.481638	3.023961
70.585930	2.999134
70.690974	2.979960
70.796554	2.970605
70.902358	2.965949
71.008182	2.968920
71.113922	2.974092
71.219380	2.983299
71.324514	2.992221
71.429370	3.001197
71.533904	3.008900
71.638262	3.013692
71.742502	3.014559
71.846860	3.008266
71.951558	2.995131
72.056910	2.971616
72.163206	2.941126
72.270706	2.905116
72.379526	2.868930
72.489682	2.834451
72.601130	2.802941
72.713674	2.778154
72.827072	2.760044
72.941052	2.751824
73.055244	2.748646
73.169400	2.752934
73.283394	2.759608
73.396992	2.770706
73.510138	2.781746
73.622886	2.792527
73.735212	2.800742
73.847320	2.805745
73.959308	2.805845
74.071464	2.798298
74.184070	2.783767
74.297492	2.758881
74.412068	2.726367
74.528146	2.688523
74.645852	2.649791
74.765272	2.611639
74.886366	2.576385
75.008920	2.548711
75.132602	2.528608
75.257044	2.519442
75.381766	2.516334
75.506446	2.520735
75.630906	2.528119
75.754878	2.539441
75.878300	2.550947
76.001212	2.561930
76.123594	2.571787
76.245662	2.577654
76.367548	2.578331
76.489634	2.570609
76.612296	2.554265
76.736062	2.525843
76.861400	2.489100
76.988728	2.447066
77.118240	2.405029
77.249980	2.364091
77.383922	2.326623
77.519786	2.296184
77.657164	2.274440
77.795568	2.264048
77.934360	2.260854
78.073076	2.266040
78.211430	2.275527
78.349070	2.289023
78.485934	2.301567
78.622106	2.313601
78.757586	2.323869
78.892666	2.329867
79.027538	2.329936
79.162706	2.321019
79.298670	2.302984
79.436108	2.272334
79.575684	2.231879
79.718026	2.184574
79.863500	2.135685
80.012280	2.087603
80.164340	2.044030
80.319246	2.009796
80.476388	1.985660
80.634996	1.974081
