#Creator: wheelEventBuffer
#Creation time: Wed Apr  5 15:17:47 2017
#Time	Angular velocity
#[s]	[rad/s]
0.051476	6.114665
0.102894	6.104210
0.154404	6.095446
0.205966	6.087650
0.257610	6.080345
0.309300	6.073762
0.361046	6.067428
0.412850	6.064851
0.464666	6.058301
0.516538	6.054565
0.568466	6.047339
0.620424	6.044081
0.672420	6.039434
0.724460	6.035257
0.776530	6.030623
0.828636	6.027383
0.880778	6.024147
0.932954	6.017916
0.985190	6.011467
1.037484	6.003426
1.089858	5.994491
1.142304	5.983986
1.194850	5.975336
1.247450	5.967391
1.300136	5.960145
1.352870	5.953369
1.405662	5.946832
1.458520	5.943682
1.511398	5.936718
1.564328	5.933131
1.617324	5.925074
1.670348	5.923063
1.723412	5.917708
1.776518	5.914365
1.829652	5.909915
1.882826	5.906137
1.936040	5.902587
1.989296	5.895276
2.042616	5.889308
2.095996	5.881150
2.149456	5.872794
2.202992	5.862493
2.256630	5.852881
2.310332	5.845259
2.364120	5.837439
2.417960	5.831154
2.471862	5.824236
2.525832	5.821645
2.579816	5.814749
2.633860	5.810662
2.687978	5.802291
2.742130	5.798650
2.796330	5.793517
2.850578	5.789887
2.904854	5.785622
2.959168	5.782001
3.013522	5.779023
3.067918	5.771804
3.122378	5.766295
3.176902	5.757207
3.231514	5.748779
3.286204	5.738488
3.341002	5.729279
3.395862	5.721557
3.450814	5.714064
3.505822	5.706799
3.560900	5.700172
3.616048	5.696244
3.671224	5.688818
3.726464	5.684906
3.781774	5.677509
3.837116	5.674227
3.892504	5.669517
3.947940	5.665427
4.003410	5.660731
4.058926	5.657062
4.114484	5.653397
4.170084	5.646690
4.225750	5.641418
4.281480	5.632921
4.337298	5.624450
4.393202	5.613796
4.449220	5.604183
4.505306	5.596196
4.561492	5.588034
4.617740	5.581283
4.674060	5.573955
4.730454	5.570595
4.786876	5.563098
4.843370	5.558570
4.899942	5.550125
4.956560	5.546010
5.013230	5.540923
5.069956	5.536041
5.126728	5.530973
5.183548	5.526497
5.240424	5.521835
5.297362	5.513501
5.354382	5.506350
5.411490	5.495946
5.468704	5.486731
5.526012	5.475447
5.583450	5.465540
5.640962	5.456996
5.698586	5.448667
5.756274	5.441306
5.814044	5.433965
5.871896	5.429833
5.929784	5.422148
5.987746	5.417473
6.045790	5.409637
6.103874	5.405914
6.162014	5.401081
6.220210	5.396257
6.278450	5.391441
6.336742	5.387003
6.395084	5.383680
6.453470	5.377414
6.511928	5.371529
6.570462	5.362727
6.629094	5.354683
6.687818	5.343572
6.746670	5.334136
6.805602	5.325275
6.864650	5.317343
6.923762	5.310332
6.982960	5.302803
7.042244	5.298510
7.101568	5.290658
7.160974	5.285851
7.220470	5.276618
7.280024	5.272544
7.339632	5.267593
7.399302	5.263181
7.459012	5.258952
7.518770	5.254905
7.578578	5.251919
7.638436	5.244904
7.698372	5.238782
7.758390	5.230234
7.818506	5.221889
7.878724	5.211321
7.939072	5.201829
7.999506	5.193058
8.060060	5.184317
8.120692	5.177141
8.181418	5.168793
8.242238	5.164885
8.303102	5.156915
8.364036	5.153024
8.425070	5.144249
8.486162	5.139031
8.547322	5.133825
8.608554	5.128461
8.669832	5.123944
8.731168	5.119769
8.792558	5.116100
8.854002	5.109943
8.915520	5.103965
8.977126	5.095191
9.038844	5.086446
9.100668	5.075107
9.162640	5.064961
9.224706	5.056645
9.286894	5.048033
9.349168	5.040581
9.411538	5.032507
9.474012	5.027674
9.536538	5.019160
9.599164	5.013393
9.661896	5.004289
9.724690	5.000147
9.787554	4.994742
9.850482	4.990457
9.913460	4.985705
9.976496	4.981436
10.039596	4.977332
10.102754	4.970717
10.165996	4.965061
10.229324	4.956601
10.292764	4.948481
10.356314	4.937282
10.420018	4.927525
10.483822	4.918114
10.547768	4.909045
10.611806	4.901234
10.675954	4.892684
10.740214	4.887965
10.804524	4.880220
10.868930	4.874616
10.933454	4.865557
10.998048	4.860288
11.062724	4.853830
11.127490	4.848586
11.192306	4.844100
11.257186	4.840070
11.322128	4.836047
11.387132	4.829504
11.452228	4.823572
11.517418	4.814554
11.582736	4.805863
11.648174	4.794714
11.713774	4.784783
11.779480	4.775618
11.845336	4.766778
11.911290	4.758691
11.977364	4.749913
12.043564	4.743745
12.109838	4.735165
12.176218	4.729462
12.242722	4.720508
12.309296	4.715832
12.375954	4.710034
12.442692	4.705096
12.509496	4.699887
12.576368	4.695532
12.643312	4.691185
12.710326	4.684470
12.777436	4.678749
12.844644	4.670124
12.911982	4.661670
12.979448	4.650216
13.047096	4.639639
13.114864	4.629930
13.182796	4.620533
13.250840	4.612392
13.319010	4.603606
13.387310	4.598485
13.455680	4.589617
13.524176	4.583055
13.592814	4.573181
13.661544	4.566932
13.730378	4.560833
13.799306	4.555410
13.868298	4.550659
13.937358	4.547102
14.006484	4.543419
14.075676	4.537382
14.144968	4.530969
14.214376	4.521969
14.283920	4.513264
14.353610	4.501881
14.423488	4.491198
14.493506	4.480820
14.563704	4.471000
14.634032	4.461856
14.704512	4.452371
14.775146	4.445566
14.845866	4.437027
14.916718	4.430519
14.987714	4.421291
15.058798	4.416443
15.129986	4.409748
15.201280	4.403937
15.272656	4.398142
15.344124	4.393221
15.415674	4.388925
15.487298	4.383291
15.559024	4.377428
15.630864	4.369027
15.702854	4.359690
15.775004	4.347864
15.847370	4.336222
15.919894	4.325475
15.992616	4.315612
16.065480	4.306501
16.138506	4.296959
16.211696	4.290152
16.284992	4.280332
16.358456	4.272532
16.432090	4.261751
16.505850	4.255286
16.579732	4.248726
16.653724	4.243446
16.727796	4.238408
16.801954	4.233952
16.876198	4.229848
16.950528	4.223138
17.024978	4.217016
17.099554	4.208204
17.174300	4.198867
17.249212	4.187562
17.324346	4.176539
17.399652	4.165464
17.475176	4.154996
17.550866	4.145347
17.626738	4.135089
17.702794	4.128351
17.778962	4.118933
17.855300	4.111817
17.931806	4.102046
18.008450	4.095415
18.085210	4.089018
18.162118	4.081581
18.239136	4.075650
18.316254	4.071214
18.393462	4.067629
18.470756	4.061739
18.548150	4.056599
18.625684	4.047610
18.703400	4.038244
18.781306	4.026134
18.859460	4.014712
18.937802	4.003559
19.016386	3.993279
19.095142	3.983759
19.174100	3.973280
19.253268	3.965456
19.332584	3.954773
19.412102	3.946328
19.491830	3.935846
19.571708	3.928955
19.651734	3.922088
19.731898	3.916221
19.812166	3.910956
19.892540	3.906093
19.973026	3.901340
20.053618	3.894762
20.134352	3.888591
20.215232	3.879946
20.296308	3.870577
20.377596	3.858502
20.459156	3.846597
20.540940	3.834577
20.623000	3.823191
20.705276	3.812612
20.787786	3.801908
20.870526	3.793736
20.953436	3.783319
21.036562	3.774955
21.119926	3.763648
21.203486	3.754832
21.287260	3.745163
21.371242	3.736699
21.455386	3.729425
21.539690	3.723413
21.624134	3.717949
21.708708	3.710922
21.793458	3.703835
21.878418	3.692429
21.963664	3.679197
22.049214	3.664092
22.135118	3.651147
22.221292	3.638545
22.307784	3.626868
22.394528	3.615847
22.481546	3.604066
22.568858	3.594417
22.656386	3.582367
22.744192	3.573077
22.832270	3.561735
22.920558	3.553999
23.009050	3.545816
23.097744	3.538866
23.186596	3.531864
23.275620	3.525839
23.364794	3.520702
23.454110	3.513771
23.543606	3.507573
23.633288	3.498744
23.723218	3.488875
23.813424	3.476059
23.903992	3.462955
23.994872	3.449267
24.086122	3.437266
24.177660	3.425797
24.269516	3.413958
24.361688	3.404782
24.454094	3.393382
24.546806	3.383514
24.639850	3.370880
24.733168	3.361214
24.826774	3.350961
24.920676	3.340982
25.014848	3.330499
25.109312	3.320571
25.204072	3.310983
25.299106	3.300062
25.394472	3.289350
25.490198	3.275017
25.586366	3.259116
25.682960	3.244039
25.780020	3.230895
25.877442	3.217197
25.975308	3.203941
26.073540	3.191573
26.172178	3.178077
26.271238	3.166481
26.370634	3.153450
26.470418	3.142976
26.570592	3.130573
26.671080	3.121056
26.771890	3.111289
26.872994	3.103421
26.974336	3.096080
27.075906	3.089564
27.177682	3.084287
27.279638	3.078242
27.381810	3.072042
27.484240	3.062698
27.587016	3.051571
27.690194	3.037938
27.793888	3.022797
27.898060	3.007518
28.002768	2.993647
28.107930	2.980469
28.213572	2.966901
28.319694	2.955458
28.426224	2.941511
28.533262	2.928514
28.640824	2.913900
28.748828	2.902647
28.857242	2.892332
28.966008	2.884365
29.075052	2.877180
29.184360	2.870765
29.293894	2.865737
29.403648	2.859268
29.513678	2.851742
29.624046	2.841579
29.734850	2.829958
29.846138	2.815653
29.958042	2.800593
30.070520	2.784507
30.183672	2.769045
30.297430	2.753899
30.411824	2.738153
30.526878	2.724475
30.642480	2.709578
30.758698	2.696507
30.875542	2.682004
30.992928	2.669788
31.110860	2.657682
31.229306	2.647068
31.348180	2.637777
31.467446	2.630092
31.587034	2.623941
31.706908	2.617558
31.827116	2.610250
31.947728	2.599666
32.068884	2.587334
32.190676	2.571619
32.313276	2.554556
32.436656	2.537103
32.560886	2.521019
32.685874	2.505657
32.811660	2.489337
32.938294	2.473890
33.065712	2.456557
33.194016	2.440337
33.323228	2.423208
33.453216	2.409382
33.583914	2.397321
33.715224	2.387628
33.847020	2.379273
33.979276	2.371300
34.111966	2.364162
34.245054	2.356748
34.378596	2.349030
34.512670	2.337982
34.647454	2.324660
34.783080	2.308196
34.919770	2.289991
35.057544	2.269904
35.196552	2.250650
35.336700	2.232133
35.478036	2.213324
35.620556	2.196426
35.764156	2.178394
35.908942	2.161279
36.054980	2.142180
36.202202	2.125053
36.350596	2.108650
36.500050	2.095066
36.650368	2.084003
36.801406	2.075412
36.952996	2.069315
37.105066	2.062685
37.257736	2.053946
37.411190	2.041321
37.565736	2.025553
37.721590	2.006151
37.879066	1.985133
38.038196	1.962833
38.199128	1.941868
38.361780	1.921064
38.526284	1.898771
38.692790	1.876362
38.861276	1.852267
39.031892	1.830168
39.204612	1.808194
39.379228	1.789408
39.555636	1.771868
39.733700	1.756689
39.913208	1.742986
40.094070	1.730791
40.276104	1.720553
40.459172	1.711443
40.643306	1.701653
40.828716	1.688139
41.015874	1.670527
41.205210	1.648766
41.397372	1.623042
41.592652	1.594426
41.791362	1.567849
41.993456	1.541659
42.199090	1.514137
42.408510	1.487581
42.621756	1.459089
42.839320	1.429855
43.061618	1.398128
43.288846	1.367170
43.520998	1.338705
43.757724	1.314936
43.998314	1.295737
44.242242	1.279598
44.489028	1.266230
44.738372	1.253648
44.990578	1.239043
45.246394	1.218834
45.507170	1.192789
45.774154	1.161892
46.049008	1.126988
46.332862	1.087786
46.627114	1.049268
46.932890	1.007987
47.252256	0.962527
47.587776	0.913721
47.942236	0.862137
48.319058	0.809109
48.722818	0.752290
