#Creator: wheelEventBuffer
#Creation time: Wed Apr  5 15:17:47 2017
#Time	Angular velocity
#[s]	[rad/s]
1.507226	0.225886
2.727402	0.337074
3.562462	0.441603
4.205038	0.559490
4.716634	0.693285
5.134484	0.836415
5.484616	0.980773
5.785860	1.124648
6.051050	1.263155
6.288980	1.392859
6.506332	1.510149
6.707878	1.617044
6.896838	1.715855
7.075862	1.802095
7.246904	1.876608
7.411842	1.938321
7.572102	1.986941
7.729052	2.020707
7.883782	2.042489
8.037046	2.058036
8.189132	2.073139
8.339976	2.090994
8.489354	2.114155
8.636802	2.145310
8.781820	2.185091
8.923962	2.235468
9.062724	2.291762
9.197906	2.355794
9.329482	2.422087
9.457410	2.491034
9.581916	2.557384
9.703314	2.621227
9.821820	2.682188
9.937830	2.737676
10.051582	2.787472
10.163514	2.828887
10.273938	2.863490
10.383238	2.888077
10.491720	2.905116
10.599668	2.916660
10.707166	2.928077
10.814222	2.940080
10.920784	2.955625
11.026652	2.977531
11.131612	3.006136
11.235454	3.044592
11.337922	3.086468
11.438892	3.134821
11.538374	3.183294
11.636276	3.234887
11.732638	3.285497
11.827564	3.335520
11.921076	3.383805
12.013352	3.428264
12.104466	3.468460
12.194630	3.502255
12.283988	3.530990
12.372740	3.551026
12.461036	3.565697
12.549034	3.575680
12.636768	3.585638
12.724242	3.596557
12.811424	3.609864
12.898218	3.628208
12.984508	3.650807
13.070204	3.681784
13.155130	3.715311
13.239218	3.755011
13.322464	3.794561
13.404780	3.838325
13.486170	3.881001
13.566702	3.923362
13.646354	3.964055
13.725256	4.001825
13.803412	4.037622
13.880952	4.067418
13.957954	4.093707
14.034544	4.112140
14.110818	4.126291
14.186890	4.134654
14.262796	4.142614
14.338544	4.151482
14.414118	4.162263
14.489438	4.178317
14.564432	4.197633
14.639034	4.225410
14.713124	4.254018
14.786668	4.287459
14.859676	4.320716
14.932066	4.358239
15.003832	4.396049
15.075006	4.433896
15.145564	4.469982
15.215602	4.503817
15.285106	4.536072
15.354178	4.562157
15.422870	4.585597
15.491276	4.601987
15.559442	4.615509
15.627460	4.623389
15.695350	4.631568
15.763110	4.640325
15.830740	4.650216
15.898188	4.664162
15.965412	4.680282
16.032364	4.705237
16.098946	4.730459
16.165122	4.761576
16.230910	4.791643
16.296240	4.825350
16.361112	4.859235
16.425558	4.892380
16.489550	4.924744
16.553162	4.955193
16.616368	4.984914
16.679248	5.009077
16.741832	5.031540
16.804190	5.046411
16.866368	5.059088
16.928440	5.065124
16.990424	5.071338
17.052324	5.078224
17.114134	5.086940
17.175812	5.099326
17.237320	5.113602
17.298630	5.135839
17.359666	5.157423
17.420404	5.184660
17.480862	5.210457
17.540972	5.241404
17.600732	5.271836
17.660162	5.302445
17.719242	5.331058
17.778032	5.358702
17.836504	5.386080
17.894722	5.408333
17.952706	5.428519
18.010512	5.442626
18.068172	5.454533
18.125748	5.460221
18.183252	5.465731
18.240694	5.471823
18.298072	5.478885
18.355354	5.489224
18.412508	5.501528
18.469514	5.522029
18.526292	5.542683
18.582830	5.568225
18.639146	5.591415
18.695190	5.619218
18.750952	5.646893
18.806458	5.675252
18.861674	5.702034
18.916654	5.728443
18.971368	5.754465
19.025868	5.775836
19.080170	5.795441
19.134328	5.808514
19.188356	5.820567
19.242318	5.825316
19.296218	5.831154
19.350066	5.836571
19.403864	5.843084
19.457578	5.853100
19.511190	5.864463
19.564682	5.883353
19.617992	5.901256
19.671110	5.924850
19.724052	5.946157
19.776764	5.972837
19.829242	5.998382
19.881510	6.025302
19.933536	6.049435
19.985374	6.073997
20.036984	6.098996
20.088416	6.118953
20.139680	6.138321
20.190814	6.151061
20.241838	6.162886
20.292806	6.167483
20.343722	6.172330
20.394594	6.177185
20.445430	6.183264
20.496196	6.192283
20.546880	6.202552
20.597456	6.221961
20.647880	6.238022
20.698138	6.260897
20.748252	6.279669
20.798180	6.304368
20.847906	6.329007
20.897456	6.354354
20.946796	6.377573
20.995976	6.401224
21.044954	6.425313
21.093784	6.444028
21.142466	6.463119
21.191034	6.475641
21.239504	6.487141
21.287926	6.490894
21.336302	6.496800
21.384638	6.501371
21.432942	6.507027
21.481186	6.515394
21.529362	6.524595
21.577456	6.541441
21.625418	6.557827
21.673236	6.578976
21.720926	6.598876
21.768440	6.624199
21.815776	6.648029
21.862970	6.668915
21.910024	6.683671
21.957012	6.692213
22.003948	6.694210
22.050922	6.685378
22.097978	6.668915
22.145192	6.641564
22.192604	6.611652
22.240266	6.572920
22.288198	6.535454
22.336402	6.498413
22.384886	6.461789
22.433628	6.428206
22.482616	6.395230
22.531842	6.370848
22.581252	6.344345
22.630840	6.323402
22.680628	6.299817
22.730562	6.281929
22.780638	6.263643
22.830872	6.246456
22.881236	6.227141
22.931776	6.207454
22.982456	6.188623
23.033322	6.165547
23.084382	6.140481
23.135684	6.108958
23.187248	6.076817
23.239124	6.036881
23.291338	5.997237
23.343892	5.957433
23.396804	5.918154
23.450048	5.882031
23.503606	5.846999
23.557468	5.820135
23.611570	5.792449
23.665896	5.770319
23.720468	5.746255
23.775230	5.726355
23.830178	5.706799
23.885332	5.687376
23.940662	5.666858
23.996214	5.645676
24.051960	5.624248
24.107958	5.598191
24.164220	5.570002
24.220814	5.534871
24.277770	5.497100
24.335162	5.452829
24.393008	5.409078
24.451322	5.365108
24.510114	5.322749
24.569356	5.282829
24.629022	5.245079
24.689102	5.214781
24.749514	5.184660
24.810240	5.159456
24.871298	5.133657
24.932616	5.112271
24.994192	5.090402
25.056046	5.069538
25.118150	5.046411
25.180566	5.022370
25.243268	4.997443
25.306332	4.967730
25.369788	4.934955
25.433722	4.894971
25.498188	4.852330
25.563282	4.802777
25.629044	4.751925
25.695506	4.701575
25.762688	4.651730
25.830550	4.606036
25.899060	4.563217
25.968178	4.528487
26.037804	4.494539
26.107910	4.465788
26.178508	4.436275
26.249522	4.410862
26.320940	4.385739
26.392794	4.360416
26.465052	4.333949
26.537794	4.305793
26.611014	4.275439
26.684826	4.239209
26.759302	4.198980
26.834584	4.150166
26.910784	4.096696
26.988056	4.036999
27.066464	3.977203
27.146058	3.917198
27.226872	3.858313
27.308882	3.803105
27.392040	3.750976
27.476294	3.707069
27.561506	3.665631
27.647596	3.630556
27.734554	3.596557
27.822274	3.566101
27.910750	3.534725
28.000052	3.503114
28.090156	3.469610
28.181214	3.432984
28.273276	3.392868
28.366556	3.345537
28.461250	3.292522
28.557660	3.228703
28.656104	3.156999
28.756932	3.078182
28.860398	2.996902
28.966710	2.915036
29.076038	2.834196
29.188408	2.757912
29.303812	2.686270
29.422202	2.622233
29.543376	2.562515
29.667192	2.510543
29.793604	2.461639
29.922440	2.415532
30.053786	2.368761
30.187810	2.321397
30.324684	2.270593
30.464924	2.213824
30.609104	2.148039
30.758282	2.070079
30.913836	1.977660
31.077830	1.865576
31.253076	1.733790
31.443380	1.585094
31.654012	1.420455
31.893470	1.234806
32.177600	1.022960
32.543520	0.773780
33.662078	0.257238
34.359908	0.222257
35.627256	0.543013
36.146336	0.724116
36.544794	0.888897
36.875122	1.040304
37.160802	1.178843
37.414928	1.309128
37.645388	1.430624
37.857796	1.539031
38.056484	1.632556
38.244746	1.712058
38.425076	1.777623
38.599358	1.832345
38.768904	1.876183
38.934702	1.915395
39.097230	1.951663
39.256918	1.984030
39.414132	2.014771
39.568888	2.044243
39.721308	2.077608
39.871218	2.113899
40.018304	2.156887
40.162334	2.204843
40.303054	2.260171
40.440214	2.320917
40.573722	2.386032
40.703598	2.453909
40.830002	2.519240
40.953282	2.580618
41.073828	2.634371
41.192074	2.682096
41.308358	2.722587
41.423068	2.757718
41.536380	2.787720
41.648572	2.814341
41.759718	2.838857
41.869968	2.860518
41.979396	2.883041
42.087932	2.904525
42.195610	2.929880
42.302356	2.956737
42.407988	2.989829
42.512410	3.026524
42.615498	3.068321
42.717138	3.113139
42.817298	3.160111
42.915966	3.209047
43.013150	3.256819
43.108962	3.302837
43.203526	3.343258
43.297006	3.380019
43.389548	3.410178
43.481350	3.436740
43.572458	3.459066
43.663034	3.479524
43.753068	3.498667
43.842636	3.516288
43.931758	3.535600
44.020370	3.553597
44.108514	3.574053
44.196182	3.594088
44.283250	3.620431
44.369666	3.649535
44.455342	3.683684
44.540184	3.721384
44.624150	3.761305
44.707226	3.803105
44.789410	3.842457
44.870790	3.880234
44.951428	3.912515
45.031436	3.942366
45.110876	3.966858
45.189876	3.989020
45.268428	4.008565
45.346648	4.026134
45.424512	4.042505
45.502084	4.057123
45.579380	4.073853
45.656338	4.088699
45.732990	4.107409
45.809314	4.126074
45.885224	4.149399
45.960692	4.175318
46.035668	4.205050
46.110086	4.237150
46.183926	4.271370
46.257174	4.307800
46.329816	4.341855
46.401906	4.375233
46.473484	4.403814
46.544624	4.429770
46.615376	4.450857
46.685828	4.469600
46.755970	4.486836
46.825876	4.502913
46.895520	4.518067
46.964948	4.531623
47.034170	4.547760
47.103134	4.561097
47.171884	4.577446
47.240410	4.592837
47.308640	4.614289
47.376540	4.638132
47.444076	4.665408
47.511194	4.695111
47.577874	4.728039
47.644098	4.759124
47.709912	4.789013
47.775318	4.818985
47.840346	4.843951
47.905054	4.866763
47.969478	4.885684
48.033682	4.903375
48.097636	4.919500
48.161416	4.933560
48.225004	4.946611
48.288434	4.958791
48.351706	4.974180
48.414768	4.986813
48.477658	5.003333
48.540368	5.017877
48.602834	5.038964
48.665038	5.060555
48.726968	5.085787
48.788574	5.112271
48.849844	5.141555
48.910766	5.173219
48.971340	5.200107
49.031634	5.223278
49.091712	5.237210
49.151694	5.241229
49.211692	5.232674
49.271862	5.214089
49.332274	5.186543
49.393080	5.150490
49.454320	5.109444
49.516076	5.064961
49.578370	5.023655
49.641160	4.981278
49.704474	4.942098
49.768316	4.901539
49.832624	4.867064
49.897386	4.834261
49.962574	4.804393
50.028146	4.776780
50.094094	4.750632
50.160404	4.725621
50.227088	4.697077
50.294186	4.668320
50.361730	4.634711
50.429786	4.599427
50.498390	4.559244
50.567634	4.517028
50.637512	4.473674
50.708110	4.428521
50.779422	4.382069
50.851512	4.333949
50.924410	4.288044
50.998076	4.239666
51.072578	4.194047
51.147922	4.146989
51.224054	4.104833
51.300956	4.064892
51.378588	4.028509
51.456884	3.995514
51.535808	3.964955
51.615338	3.936438
51.695460	3.905705
51.776244	3.873632
51.857748	3.836544
51.940084	3.796395
52.023344	3.750797
52.107678	3.702263
52.193138	3.650213
52.279882	3.595487
52.367962	3.538706
52.457520	3.478368
52.548660	3.418714
52.641402	3.356044
52.735852	3.296530
52.832046	3.237087
52.929904	3.182778
53.029408	3.131384
53.130496	3.084408
53.233068	3.040702
53.337084	2.999707
53.442508	2.961029
53.549332	2.921162
53.657684	2.879712
53.767728	2.832101
53.879748	2.779531
53.994066	2.719287
54.111134	2.652252
54.231322	2.578161
54.355172	2.499358
54.483090	2.415866
54.615694	2.326864
54.753626	2.234514
54.897490	2.137051
55.048148	2.038328
55.206428	1.937413
55.373100	1.837275
55.549078	1.737876
55.735156	1.643024
55.931980	1.552984
56.140586	1.464557
56.362478	1.373830
56.600188	1.278037
56.858834	1.167141
57.148434	1.028001
57.492418	0.846453
57.986050	0.567646
58.896936	0.238474
59.815910	0.476924
60.404862	0.708319
60.818372	0.849345
61.172748	0.943659
61.496902	1.004821
61.804290	1.044982
62.100992	1.074637
62.389786	1.102012
62.670966	1.131608
62.943734	1.170350
63.205968	1.223829
63.455622	1.292847
63.691296	1.375960
63.912580	1.467417
64.120084	1.565255
64.315098	1.663821
64.498900	1.760825
64.673060	1.852376
64.839000	1.939710
64.997780	2.021851
65.150626	2.094786
65.298494	2.158191
65.442462	2.210366
65.583382	2.251909
65.722124	2.280449
65.859364	2.299545
65.995586	2.313669
66.130964	2.327588
66.265478	2.342619
66.399028	2.361319
66.531310	2.386721
66.661974	2.419700
66.790664	2.462488
66.916966	2.511185
67.040634	2.568171
67.161618	2.627585
67.279824	2.689121
67.395390	2.748694
67.508532	2.807149
67.619354	2.863334
67.728146	2.915307
67.835086	2.961699
67.940510	3.000681
68.044690	3.032777
68.147950	3.054954
68.250548	3.070360
68.352716	3.080416
68.454536	3.090355
68.555994	3.101521
68.657042	3.115856
68.757504	3.136825
68.857194	3.163420
68.955952	3.199048
69.053552	3.237687
69.149896	3.282202
69.244980	3.327888
69.338698	3.376532
69.431076	3.424900
69.522198	3.472601
69.612076	3.518100
69.700876	3.560362
69.788648	3.598782
69.875578	3.630976
69.961798	3.658289
70.047478	3.677302
70.132752	3.691561
70.217764	3.700781
70.302552	3.709520
70.387120	3.719270
70.471460	3.730487
70.555472	3.746950
70.639054	3.767982
70.722102	3.798047
70.804454	3.830463
70.886034	3.869242
70.966822	3.909788
71.046718	3.954275
71.125752	3.996225
71.204050	4.032129
71.281728	4.058066
71.359062	4.071741
71.436238	4.071952
71.513594	4.055133
71.591398	4.024175
71.669970	3.977102
71.749556	3.920228
71.830382	3.855756
71.912548	3.791813
71.996088	3.729690
72.081038	3.667771
72.167368	3.609781
72.255026	3.556574
72.343926	3.511572
72.433920	3.469303
72.524920	3.433360
72.616908	3.398594
72.709764	3.367556
72.803486	3.336086
72.898128	3.304435
72.993686	3.270585
73.090334	3.233156
73.188140	3.191897
73.287360	3.143416
73.388232	3.088471
73.491126	3.022506
73.596414	2.948357
73.704542	2.866574
73.815844	2.781795
73.930610	2.695304
74.049098	2.609947
74.171386	2.529178
74.297450	2.454484
74.427206	2.388899
74.560378	2.328762
74.696800	2.275923
74.836434	2.225586
74.979140	2.177941
75.125046	2.129287
75.274412	2.079478
75.427478	2.027096
75.584978	1.967110
75.747780	1.897120
75.917496	1.813099
76.096354	1.710939
76.288004	1.584071
76.497990	1.430324
76.735080	1.250315
77.015568	1.038316
77.383998	0.766504
78.167152	0.339466
78.946414	0.278212
79.874464	0.558744
80.377060	0.770183
80.752794	0.942114
81.065316	1.094822
81.337668	1.232422
81.582330	1.351676
81.807362	1.451806
82.018280	1.535946
82.218712	1.604900
82.411482	1.660373
82.598320	1.704978
82.780532	1.745271
82.958728	1.782241
83.133426	1.815257
83.305034	1.847952
83.473564	1.879730
83.639150	1.914531
83.801662	1.951954
83.960752	1.996462
84.116102	2.047414
84.267356	2.106529
84.414240	2.171858
84.556718	2.239739
84.694952	2.308229
84.829246	2.373091
84.960064	2.433306
85.087892	2.485083
85.213250	2.529829
85.336496	2.569011
85.458012	2.604451
85.577958	2.634415
85.696654	2.660833
85.814186	2.685122
85.930720	2.706963
86.046324	2.729636
86.160916	2.751921
86.274514	2.778449
86.387032	2.806246
86.498278	2.840397
86.608128	2.878234
86.716456	2.921977
86.823108	2.968864
86.928034	3.019136
87.031198	3.072703
87.132654	3.122173
87.232682	3.163420
87.331660	3.188657
87.430134	3.197094
87.528642	3.185230
87.627836	3.155096
87.728210	3.107903
87.830376	3.047132
87.934730	2.976910
88.041706	2.899272
88.151602	2.821621
88.264502	2.744180
88.380612	2.668971
88.500086	2.592972
88.622972	2.520857
88.749392	2.450311
88.879346	2.385235
89.012796	2.323801
89.149792	2.263885
89.290458	2.204750
89.435022	2.143642
89.583964	2.078818
89.738028	2.004794
89.898468	1.918624
90.066970	1.818514
90.245828	1.705515
90.437800	1.579563
90.646870	1.441852
90.879008	1.287105
91.145166	1.107489
91.469910	0.887977
91.959746	0.566545
92.892212	0.235378
93.825350	0.424530
94.471404	0.697487
94.880256	0.898795
95.205400	1.068823
95.483318	1.215570
95.730296	1.345309
95.955172	1.461464
96.163836	1.561117
96.360304	1.644641
96.547796	1.713085
96.728670	1.766488
96.904942	1.802778
97.078198	1.826401
97.249426	1.843852
97.418984	1.861707
97.586842	1.880788
97.752768	1.904711
97.916182	1.937987
98.076396	1.981527
98.232740	2.037217
98.384594	2.100276
98.531680	2.171198
98.673964	2.247398
98.811470	2.325383
98.944672	2.395602
99.074364	2.454599
99.201354	2.497569
99.326750	2.519886
99.451580	2.518916
99.577144	2.491943
99.704728	2.440261
99.835816	2.361887
99.971932	2.262515
100.114584	2.149979
100.265020	2.033630
100.424530	1.913668
100.594584	1.790020
100.776592	1.669036
100.971896	1.554105
101.181770	1.446499
101.407286	1.345067
101.649816	1.250624
101.911412	1.158721
102.195152	1.064903
102.507328	0.961355
102.859494	0.842743
103.276912	0.698573
103.885640	0.461650
104.922970	0.212866
105.966714	0.407054
106.658694	0.612485
107.137722	0.729382
107.547368	0.819403
107.916696	0.891768
108.258786	0.951127
108.580722	1.004705
108.885606	1.057768
109.174894	1.115757
109.448946	1.179277
109.707720	1.250674
109.951306	1.331037
110.180024	1.420635
110.394550	1.513408
110.596110	1.608846
110.786014	1.706089
110.965792	1.796202
111.137586	1.869929
111.303804	1.918014
111.467130	1.937126
111.630220	1.923487
111.796042	1.875958
111.967678	1.795339
112.148764	1.687631
112.343522	1.555121
112.557716	1.399510
112.799722	1.225003
113.083326	1.029855
113.442700	0.793035
114.549698	0.261173
115.256166	0.217312
116.535172	0.539841
117.053582	0.741068
117.441688	0.919315
117.760048	1.084355
118.033718	1.235729
118.277256	1.363089
118.500652	1.463575
118.710922	1.535480
118.913848	1.571519
119.114450	1.569901
119.318122	1.527076
119.531294	1.438050
119.763700	1.294659
120.032294	1.092819
120.377588	0.821765
121.164030	0.347641
121.837660	0.298375
122.731262	0.632165
123.177358	0.856557
123.518072	1.030091
123.808956	1.156562
124.073716	1.233555
124.326854	1.261643
124.579468	1.238564
124.843372	1.161600
125.134896	1.025204
125.488576	0.818051
126.382548	0.319505
126.952768	0.301589
127.891046	0.723639
128.290474	0.911336
128.619274	1.029160
128.919724	1.081086
129.213770	1.070477
129.520914	0.996907
129.871806	0.842887
130.845346	0.302129
131.383842	0.278709
132.426870	0.691789
132.854590	0.820902
133.231878	0.866178
133.606272	0.832528
134.024782	0.711714
135.083718	0.275672
135.695654	0.262849
136.801248	0.631900
137.278064	0.725012
137.722080	0.714554
138.227686	0.586238
138.891838	0.346502
139.967432	0.293658
140.758472	0.470689
141.403250	0.545925
142.032556	0.491639
142.904382	0.288062
144.017364	0.258819
145.011274	0.402045
145.867016	0.375863
147.430242	0.138840
149.112074	0.257461
151.613058	0.089341
