20 1023
532 1016
1052 1009
1564 1004
2080 995
2592 992
3112 984
3624 975
4144 972
4656 961
5176 960
5688 952
6204 945
6716 940
7236 931
7748 927
8268 920
8780 911
9300 910
9812 903
10328 896
10840 896
11360 888
11872 880
12392 871
12904 865
13424 864
13936 856
14452 847
14964 847
15484 839
15996 831
16516 830
17028 824
17548 824
18060 816
18576 807
19088 799
19608 798
20120 792
20640 783
21152 782
21672 775
22184 771
22700 768
23212 768
23732 768
24244 768
24764 748
25276 743
25796 736
26308 736
26824 728
27336 719
27856 718
28368 711
28888 705
29400 704
29920 704
30432 696
30948 688
31460 688
31980 679
32492 671
33012 671
33524 668
34044 664
34556 655
35072 655
35584 639
36104 639
36616 639
37136 638
37648 632
38168 632
38680 624
39196 624
39708 615
40228 611
40740 608
41260 608
41772 600
42288 600
42804 591
43320 590
43832 583
44352 575
44864 575
45384 574
45896 568
46412 568
46928 561
47444 560
47956 556
48476 551
48988 543
49508 543
50020 542
50536 536
51052 536
51568 527
52080 527
52600 519
53112 519
53632 515
54144 512
54660 511
55176 508
55692 504
56204 504
56724 496
57236 496
57756 487
58268 487
58784 483
59300 480
59816 480
60328 476
60848 472
61360 467
61880 463
62392 463
62908 455
63424 455
63940 451
64452 449
64972 448
65484 448
66004 448
66516 440
67032 440
67548 432
68064 432
68576 428
69096 423
69608 419
70124 415
70636 415
71156 415
71672 412
72184 408
72704 408
73216 399
73736 399
74248 398
74764 391
75280 391
75796 387
76308 387
76828 384
77340 384
77860 384
78372 384
78888 384
79404 376
79920 369
80432 368
80952 368
81464 359
81984 359
82496 355
83012 355
83528 352
84044 352
84556 352
85076 348
85588 344
86108 344
86620 339
87136 335
87652 335
88168 335
88680 327
89200 327
89712 327
90232 319
90744 319
91260 319
91776 319
92292 318
92804 316
93324 312
93836 312
94356 312
94868 305
95384 304
95900 304
96416 300
96928 295
97448 295
97960 295
98480 287
98992 287
99508 287
100024 287
100540 286
101052 284
101572 280
102084 280
102604 280
103116 275
103632 271
104148 271
104664 271
105176 270
105696 255
106208 255
106728 255
107240 255
107756 255
108272 255
108788 255
109300 255
109820 254
110332 252
110852 252
111364 248
111880 248
112396 248
112912 241
113424 241
113944 240
114456 240
114976 240
115488 231
116004 231
116520 231
117036 231
117548 227
118068 227
118580 225
119100 224
119612 224
120128 224
120644 224
121160 220
121672 220
122192 216
122704 216
123224 216
123736 216
124252 207
124764 207
125284 207
125796 207
126316 206
126828 199
127348 199
127860 199
128376 199
128888 199
129408 195
129920 195
130440 193
130952 192
131472 192
