20 1023
536 1022
1048 1017
1568 1016
2080 1016
2600 1008
3112 1006
3632 999
4144 999
4660 995
5172 992
5692 992
6204 984
6724 984
7236 975
7756 975
8268 975
8784 972
9296 967
9816 963
10328 961
10848 960
11360 960
11880 952
12392 952
12908 952
13420 944
13940 935
14452 935
14972 931
15484 927
16004 927
16516 927
17032 924
17544 920
18064 920
18576 911
19096 911
19608 910
20128 903
20640 903
21156 899
21668 897
22188 896
22700 896
23220 896
23732 896
24252 888
24764 880
25280 880
25792 876
26312 871
26824 871
27344 865
27856 864
28376 856
28888 856
29404 856
29916 847
30436 844
30948 844
31468 839
31980 844
32500 839
33012 831
33528 831
34040 830
34560 828
35072 824
35592 824
36104 824
36624 817
37136 816
37652 816
38164 812
38684 807
39196 807
39716 803
40228 799
40748 799
41260 799
41776 796
42288 792
42808 792
43320 792
43840 783
44352 783
44872 782
45384 775
45900 775
46412 771
46932 769
47444 768
47964 768
48476 768
48996 768
49508 768
50024 768
50536 768
51056 768
51568 752
52088 743
52600 743
53120 739
53632 737
54148 736
54660 736
55180 736
55692 732
56212 728
56724 728
57244 719
57756 719
58272 719
58784 718
59304 711
59816 711
60336 711
60848 707
61364 704
61880 704
62396 704
62908 704
63428 696
63940 696
64460 696
64972 688
65488 688
66004 688
66520 684
67032 679
67552 679
68064 675
68584 671
69096 671
69612 671
70128 670
70644 668
71156 664
71676 664
72196 664
72708 655
73224 655
73740 654
74256 647
74768 639
75288 639
75800 639
76320 639
76832 639
77348 639
77864 638
78380 632
78892 632
79412 632
79924 632
80444 632
80956 624
81472 624
81988 624
82504 620
83016 615
83536 615
84048 615
84568 611
85080 609
85596 608
86112 608
86628 604
87140 604
87660 600
88172 600
88692 600
89204 595
89720 591
90236 591
90752 590
91264 588
91784 583
92296 583
92816 575
93328 575
93844 575
94360 575
94876 574
95388 574
95908 572
96420 568
96940 568
97452 568
97968 563
98484 561
99000 560
99512 560
100032 558
100544 556
101064 551
101576 551
102092 547
102604 543
103124 543
103636 543
104156 543
104668 542
105188 540
105700 540
106216 536
106728 536
107248 536
107760 536
108280 527
108792 527
109312 527
109824 526
110340 519
110852 519
111372 519
111884 519
112404 515
112916 513
113436 512
113948 511
114464 510
114976 508
115496 508
116008 504
116528 504
117040 504
117560 504
118072 496
118588 496
119100 496
119620 496
120132 494
120652 492
121164 487
121684 487
122196 487
122712 483
123224 483
123744 481
124256 480
124776 480
125288 480
125808 480
126320 472
126836 472
127348 472
127868 472
128380 472
128900 465
129412 463
129932 463
130444 463
130960 463
131472 455
