20 0
532 1
1052 3
1564 7
2084 12
2596 15
3116 15
3628 24
4144 24
4656 28
5176 31
5688 31
6208 35
6720 39
7240 39
7752 48
8268 48
8780 51
9300 56
9812 60
10332 62
10848 63
11360 63
11880 71
12392 71
12912 76
13424 79
13940 79
14456 88
14972 88
15484 92
16004 96
16516 96
17036 99
17548 103
18064 103
18580 110
19096 112
19608 113
20128 120
20640 120
21160 124
21672 126
22188 127
22704 127
23220 127
23732 135
24252 135
24764 143
25284 143
25796 147
26312 152
26828 152
27344 156
27856 159
28376 159
28888 163
29408 167
29920 167
30436 167
30952 176
31468 176
31980 179
32500 184
33012 184
33532 192
34044 192
34560 192
35076 195
35592 199
36104 199
36624 199
37136 207
37656 207
38168 209
38684 216
39200 216
39716 220
40228 224
40748 224
41260 225
41780 227
42292 231
42808 231
43324 238
43840 240
44352 241
44872 243
45384 248
45904 248
46416 252
46932 254
47448 255
47964 255
48476 255
48996 255
49508 255
50028 255
50540 271
51056 271
51572 271
52088 280
52600 280
53120 284
53632 284
54152 287
54664 287
55180 287
55696 291
56212 295
56724 295
57244 300
57756 304
58276 304
58788 305
59304 312
59820 312
60336 313
60848 316
61368 319
61880 319
62400 319
62912 319
63428 327
63940 327
64460 327
64972 335
65492 335
66004 335
66524 344
67036 344
67552 344
68064 348
68584 352
69096 352
69616 352
70128 353
70648 355
71160 355
71676 359
72188 359
72708 368
73220 368
73740 368
74252 369
74772 376
75284 384
75800 384
76312 384
76832 384
77344 384
77864 384
78376 387
78896 387
79408 391
79924 391
80436 391
80956 398
81468 399
81988 399
82500 401
83020 408
83532 408
84048 408
84560 412
85080 414
85600 415
86112 415
86632 415
87144 419
87660 423
88172 423
88692 423
89204 423
89724 432
90236 432
90756 432
91268 433
91784 440
92296 440
92816 440
93328 448
93848 448
94360 448
94880 448
95392 448
95908 451
96420 451
96940 455
97452 455
97972 455
98484 462
99004 463
99516 463
100032 463
100544 467
101064 472
101576 472
102096 472
102608 476
103128 480
103640 480
104156 480
104668 480
105188 481
105700 483
106220 487
106732 487
107248 487
107764 492
108280 496
108792 496
109312 496
109824 497
110344 497
110856 504
111372 504
111888 504
112404 508
112916 508
113436 510
113948 511
114468 512
114980 513
115496 515
116012 515
116528 519
117040 519
117560 519
118072 524
118592 526
119104 527
119620 527
120136 527
120652 531
121164 536
121684 536
122196 536
122716 540
123228 540
123744 542
124260 543
124776 543
125288 543
125808 543
126320 543
126840 543
127352 547
127868 551
128384 551
128900 556
129412 558
129932 560
130444 560
130964 560
131476 561
