20 0
532 3
1052 12
1564 17
2080 28
2596 31
3112 39
3624 46
4144 51
4656 56
5176 63
5688 71
6204 78
6720 81
7236 89
7748 96
8268 99
8780 103
9300 112
9812 120
10328 126
10840 127
11360 135
11872 143
12392 152
12904 156
13424 159
13936 163
14452 167
14964 176
15484 184
15996 192
16516 192
17028 199
17548 199
18060 207
18576 216
19088 220
19608 224
20120 231
20640 231
21152 240
21672 248
22184 252
22700 255
23212 255
23732 255
24244 271
24764 275
25276 280
25796 286
26308 287
26824 295
27336 300
27856 304
28368 312
28888 316
29400 319
29920 319
30432 327
30948 334
31468 335
31980 344
32500 348
33012 352
33532 353
34044 359
34560 359
35072 368
35592 376
36104 384
36624 384
37136 384
37656 387
38168 391
38684 398
39196 399
39716 408
40228 408
40748 415
41260 415
41780 419
42292 423
42808 430
43320 432
43840 440
44352 440
44872 448
45384 448
45904 451
46416 455
46932 455
47444 463
47964 463
48476 472
48996 472
49508 480
50028 480
50540 483
51056 487
51568 492
52088 496
52600 497
53120 504
53632 504
54148 508
54664 512
55180 513
55692 519
56212 519
56724 526
57244 527
57756 531
58272 536
58788 540
59304 542
59816 543
60336 543
60848 551
61368 551
61880 558
62396 560
62912 561
63428 568
63940 568
64460 572
64972 575
65492 575
66004 575
66520 583
67036 583
67552 590
68064 591
68584 591
69096 600
69616 600
70128 604
70644 608
71160 608
71676 609
72188 615
72708 615
73220 620
73740 624
74252 624
74768 632
75284 632
75800 632
76312 636
76832 638
77344 639
77864 639
78376 639
78892 639
79408 639
79924 652
80436 655
80956 655
81468 655
81988 664
82500 664
83016 668
83532 670
84048 671
84560 671
85080 671
85592 675
86112 679
86624 679
87140 688
87656 688
88172 688
88684 696
89204 696
89716 696
90236 704
90748 704
91264 704
91780 704
92296 705
92808 707
93328 711
93840 711
94360 711
94872 716
95388 719
95904 719
96420 719
96932 728
97452 728
97964 728
98484 732
98996 732
99512 736
100028 736
100544 736
101056 737
101576 739
102088 743
102608 743
103120 748
103636 768
104152 768
104668 768
105180 768
105700 768
106220 768
106732 768
107248 768
107760 768
108280 768
108792 768
109312 768
109824 769
110344 771
110856 771
111372 775
111884 775
112404 775
112916 780
113436 782
113948 783
114468 783
114980 783
115496 783
116008 792
116528 792
117040 792
117560 792
118072 796
118592 796
119104 798
119620 799
120132 799
120652 799
121164 799
121684 803
122196 803
122716 803
123228 807
123744 807
124256 812
124776 816
125288 816
125808 816
126320 816
126840 824
127352 824
127868 824
128380 824
128900 824
129412 828
129932 828
130444 830
130964 830
131476 831
