#Creator: pendulumviewEventBuffer
#Creation time: Wed Feb 22 15:33:09 2017
#Time A	Pos A	Time B	Pos B
#[s]	[au]	[s]	[au]
3.015	442	3.041	337
3.067	435	3.092	372
3.117	428	3.142	413
3.168	422	3.194	456
3.218	419	3.244	501
3.269	416	3.295	543
3.320	417	3.345	584
3.371	418	3.396	617
3.421	422	3.447	643
3.472	428	3.498	660
3.522	435	3.548	668
3.574	445	3.599	665
3.624	453	3.649	655
3.675	463	3.700	634
3.725	472	3.751	606
3.776	481	3.802	571
3.826	488	3.852	531
3.878	493	3.903	489
3.928	497	3.953	445
3.979	498	4.005	403
4.029	497	4.055	365
4.080	494	4.106	333
4.131	488	4.156	308
4.182	480	4.207	293
4.232	471	4.258	287
4.283	461	4.309	292
4.333	449	4.359	305
4.385	439	4.410	328
4.435	429	4.460	359
4.486	419	4.511	395
4.536	412	4.562	436
4.587	407	4.613	479
4.637	404	4.663	521
4.689	404	4.714	560
4.739	406	4.764	596
4.790	411	4.816	624
4.840	418	4.866	646
4.891	428	4.917	658
4.942	439	4.967	659
4.993	451	5.018	654
5.043	464	5.069	638
5.094	476	5.120	615
5.144	487	5.170	585
5.196	496	5.221	549
5.246	503	5.271	510
5.297	509	5.322	467
5.347	511	5.373	427
5.398	510	5.424	388
5.448	506	5.474	354
5.500	499	5.525	327
5.550	490	5.575	308
5.601	479	5.627	298
5.651	466	5.677	298
5.702	452	5.728	306
5.753	438	5.778	323
5.804	425	5.829	349
5.854	414	5.880	381
5.905	404	5.931	418
5.955	396	5.981	458
6.007	392	6.032	498
6.057	390	6.082	537
6.108	393	6.134	573
6.158	398	6.184	604
6.209	407	6.235	629
6.259	418	6.285	645
6.311	431	6.336	650
6.361	445	6.386	649
6.412	461	6.438	639
6.462	476	6.488	621
6.513	490	6.539	595
6.564	502	6.589	564
6.615	513	6.640	528
6.665	521	6.691	489
6.716	524	6.742	449
6.766	524	6.792	412
6.818	520	6.843	377
6.868	513	6.893	348
6.919	502	6.945	325
6.969	489	6.995	311
7.020	475	7.046	307
7.070	458	7.096	310
7.122	441	7.147	322
7.172	425	7.197	343
7.223	410	7.249	370
7.273	398	7.299	403
7.324	388	7.350	441
7.375	381	7.400	478
7.426	380	7.451	516
7.476	380	7.502	551
7.527	385	7.553	583
7.577	394	7.603	610
7.629	406	7.654	628
7.679	421	7.704	639
7.730	438	7.756	641
7.780	455	7.806	635
7.831	473	7.857	622
7.881	490	7.907	601
7.933	505	7.958	573
7.983	518	8.008	541
8.034	527	8.060	506
8.084	533	8.110	469
8.135	535	8.161	432
8.186	532	8.211	398
8.237	526	8.262	368
8.287	515	8.313	344
8.338	501	8.364	328
8.388	485	8.414	320
8.440	466	8.465	318
8.490	447	8.515	326
8.541	428	8.567	342
8.591	410	8.617	364
8.642	394	8.668	394
8.692	382	8.718	425
8.744	373	8.769	461
8.795	368	8.819	496
8.845	368	8.871	531
8.896	371	8.921	562
8.946	381	8.972	589
8.998	392	9.022	610
9.048	408	9.073	623
9.099	426	9.124	629
9.149	446	9.175	629
9.200	467	9.225	618
9.251	487	9.276	603
9.302	505	9.326	580
9.352	522	9.378	552
9.403	534	9.428	521
9.453	543	9.479	486
9.505	546	9.529	452
9.555	545	9.580	419
9.606	540	9.630	390
9.656	529	9.682	364
9.707	514	9.732	347
9.757	497	9.783	335
9.809	477	9.833	331
9.859	456	9.884	333
9.910	434	9.935	345
9.960	413	9.986	363
10.011	394	10.036	387
10.062	378	10.087	415
10.113	367	10.137	446
10.163	359	10.189	480
10.214	357	10.239	511
10.264	359	10.290	542
10.316	367	10.340	569
10.366	379	10.391	591
10.417	396	10.441	606
10.467	414	10.493	615
10.518	435	10.543	617
10.568	458	10.594	613
10.620	481	10.644	600
10.670	502	10.695	582
10.721	521	10.746	559
10.771	537	10.797	531
10.822	548	10.847	501
10.873	554	10.898	469
10.924	556	10.948	439
10.974	552	11.000	410
11.025	542	11.050	385
11.075	529	11.101	366
11.127	511	11.151	353
11.177	490	11.202	345
11.228	466	11.252	345
11.278	442	11.304	352
11.329	420	11.354	365
11.379	397	11.405	384
11.431	378	11.455	408
11.481	364	11.506	435
11.532	353	11.557	464
11.582	348	11.608	494
11.633	348	11.658	523
11.684	354	11.709	550
11.735	365	11.760	571
11.785	381	11.811	588
11.836	401	11.862	600
11.886	423	11.912	604
11.938	447	11.963	603
11.988	472	12.013	595
12.039	496	12.065	581
12.089	519	12.115	561
12.140	537	12.166	538
12.190	551	12.216	512
12.242	561	12.267	484
12.292	565	12.317	456
12.343	563	12.369	430
12.393	556	12.419	405
12.444	543	12.470	386
12.495	525	12.520	370
12.546	504	12.571	362
12.596	479	12.622	358
12.647	454	12.673	362
12.697	428	12.723	370
12.749	403	12.774	385
12.799	382	12.824	405
12.850	363	12.876	429
12.900	351	12.926	454
12.951	342	12.977	481
13.001	339	13.027	507
13.053	344	13.078	531
13.103	352	13.128	553
13.154	366	13.180	570
13.204	386	13.230	582
13.255	409	13.281	589
13.306	434	13.331	590
13.357	460	13.382	586
13.407	487	13.433	576
13.458	511	13.484	560
13.508	533	13.534	541
13.560	551	13.585	519
13.610	564	13.635	495
13.661	571	13.687	469
13.711	572	13.737	446
13.762	567	13.788	423
13.812	556	13.838	405
13.864	540	13.889	390
13.914	519	13.939	379
13.965	494	13.991	374
14.015	468	14.041	374
14.066	440	14.092	381
14.117	413	14.142	391
14.168	388	14.193	406
14.218	367	14.244	425
14.269	349	14.295	447
14.319	339	14.345	469
14.371	332	14.396	492
14.421	333	14.446	514
14.472	340	14.498	535
14.522	353	14.548	551
14.573	371	14.599	564
14.623	394	14.649	572
14.675	420	14.700	576
14.725	447	14.750	573
14.776	476	14.802	567
14.826	503	14.852	556
14.877	528	14.903	540
14.928	549	14.953	523
14.979	564	15.004	502
15.030	574	15.055	480
15.080	579	15.106	460
15.131	577	15.156	440
15.182	568	15.207	422
15.233	553	15.257	408
15.283	532	15.309	397
15.334	508	15.359	391
15.384	481	15.410	389
15.436	452	15.460	392
15.486	424	15.511	400
15.537	397	15.561	411
15.587	372	15.613	426
15.638	352	15.663	443
15.688	339	15.714	463
15.740	330	15.764	482
15.790	326	15.815	501
15.841	331	15.866	519
15.891	342	15.917	534
15.942	358	15.967	546
15.993	379	16.018	556
16.044	404	16.068	560
16.094	433	16.120	560
16.145	463	16.170	555
16.195	492	16.221	549
16.247	518	16.271	536
16.297	543	16.322	522
16.348	562	16.372	506
16.398	576	16.424	488
16.449	582	16.474	471
16.499	584	16.525	453
16.551	577	16.575	438
16.601	565	16.626	424
16.652	547	16.677	414
16.702	523	16.728	407
16.753	497	16.778	405
16.804	467	16.829	406
16.855	438	16.879	411
16.905	409	16.931	420
16.956	382	16.981	431
17.006	359	17.032	445
17.058	341	17.082	459
17.108	330	17.133	475
17.159	323	17.183	491
17.209	325	17.235	507
17.260	332	17.285	519
17.310	346	17.336	531
17.362	366	17.386	539
17.412	390	17.437	544
17.463	418	17.488	545
17.513	448	17.539	543
17.564	478	17.589	538
17.615	507	17.640	529
17.666	534	17.690	518
17.716	556	17.742	506
17.767	574	17.792	492
17.817	584	17.843	478
17.869	589	17.893	464
17.919	586	17.944	450
17.970	576	17.994	439
18.020	560	18.046	430
18.071	537	18.097	424
18.121	512	18.147	421
18.173	482	18.198	421
18.223	452	18.248	423
18.274	421	18.300	430
18.324	392	18.350	438
18.375	367	18.401	448
18.426	345	18.451	459
18.477	331	18.502	472
18.527	322	18.553	484
18.578	319	18.604	496
18.628	324	18.654	507
18.680	335	18.705	516
18.730	354	18.755	523
18.781	376	18.807	528
18.831	404	18.857	530
18.882	433	18.908	529
18.932	464	18.958	525
18.984	494	19.009	519
19.034	523	19.059	512
19.085	548	19.111	502
19.135	569	19.161	493
19.186	583	19.212	481
19.237	589	19.262	471
19.288	590	19.313	460
19.338	583	19.364	451
19.389	569	19.415	444
19.439	551	19.465	439
19.491	526	19.516	436
19.541	498	19.566	436
19.592	467	19.618	438
19.642	436	19.668	441
19.693	406	19.719	447
19.743	377	19.769	455
19.795	354	19.820	463
19.845	335	19.870	472
19.896	324	19.922	482
19.946	319	19.972	490
19.997	319	20.023	497
20.048	327	20.073	504
20.099	343	20.124	509
20.149	363	20.175	513
20.200	388	20.226	514
20.250	418	20.276	514
20.302	449	20.327	511
20.352	479	20.377	508
20.403	510	20.429	502
20.453	537	20.479	495
20.504	561	20.530	488
20.554	578	20.580	482
20.606	587	20.631	473
20.656	592	20.681	467
20.707	589	20.733	461
20.757	578	20.783	457
20.808	562	20.834	454
20.859	540	20.884	451
20.910	514	20.935	452
20.960	483	20.986	453
21.011	450	21.037	456
21.061	420	21.087	459
21.113	391	21.138	465
21.163	364	21.188	471
21.214	343	21.240	476
21.264	327	21.290	481
21.315	319	21.341	487
21.366	316	21.391	491
21.417	321	21.442	495
21.467	334	21.492	497
21.518	352	21.544	499
21.568	375	21.594	499
21.619	403	21.645	498
21.670	432	21.695	496
21.721	464	21.746	493
21.771	496	21.797	490
21.822	525	21.848	486
21.872	550	21.898	482
21.924	570	21.949	477
21.974	584	21.999	474
22.025	591	22.051	470
22.075	592	22.101	468
22.126	585	22.152	466
22.177	571	22.202	466
22.228	551	22.253	466
22.278	526	22.303	467
22.329	498	22.355	469
22.379	466	22.405	471
22.430	435	22.456	474
22.481	404	22.506	477
22.532	376	22.557	480
22.583	353	22.608	482
22.633	334	22.659	485
22.684	322	22.709	486
22.735	317	22.760	488
22.786	318	22.810	488
22.836	328	22.862	489
22.887	343	22.912	487
22.937	364	22.963	486
22.989	389	23.013	483
23.039	418	23.064	481
23.090	449	23.114	479
23.140	480	23.166	477
23.191	510	23.216	474
23.241	537	23.267	473
23.293	560	23.317	472
23.343	578	23.368	471
23.394	588	23.419	471
23.444	592	23.470	472
23.495	588	23.520	474
23.546	578	23.571	475
23.597	561	23.621	477
23.647	538	23.673	480
23.698	511	23.723	483
23.748	482	23.774	484
23.800	450	23.824	487
23.850	420	23.875	488
23.901	391	23.926	489
23.951	364	23.977	490
24.002	344	24.027	490
24.052	329	24.078	489
24.104	321	24.128	487
24.154	319	24.179	485
24.205	324	24.230	481
24.255	336	24.281	479
24.306	354	24.331	475
24.357	377	24.382	471
24.408	405	24.432	468
24.458	434	24.484	466
24.509	464	24.534	464
24.559	496	24.585	463
24.611	523	24.635	463
24.661	548	24.686	463
24.712	568	24.737	466
24.762	581	24.788	468
24.813	588	24.838	473
24.863	588	24.889	476
24.915	581	24.939	481
24.965	568	24.990	485
25.016	548	25.041	490
25.066	524	25.092	494
25.117	496	25.142	498
25.168	466	25.193	500
25.219	435	25.243	501
25.269	406	25.295	502
25.320	379	25.345	500
25.370	356	25.396	498
25.422	338	25.446	495
25.472	327	25.497	490
25.523	321	25.548	484
25.573	323	25.599	478
25.624	332	25.650	473
25.674	347	25.700	467
25.726	367	25.751	461
25.776	392	25.801	457
25.827	420	25.853	453
25.877	450	25.903	451
25.928	480	25.954	450
25.979	508	26.004	452
26.030	535	26.055	454
26.080	556	26.106	458
26.131	572	26.157	463
26.181	582	26.207	470
26.233	586	26.258	477
26.283	582	26.308	484
26.334	573	26.360	491
26.384	556	26.410	498
26.435	534	26.461	504
26.486	509	26.511	509
26.537	480	26.562	512
26.587	450	26.612	514
26.638	421	26.664	514
26.688	393	26.714	511
26.739	369	26.765	508
26.790	349	26.815	502
26.841	335	26.866	495
26.891	327	26.917	488
26.942	325	26.968	479
26.992	331	27.018	469
27.044	343	27.069	461
27.094	360	27.119	454
27.145	381	27.171	447
27.195	407	27.221	442
27.246	435	27.272	438
27.297	465	27.322	439
27.348	494	27.373	439
27.398	520	27.423	442
27.449	543	27.475	447
27.499	562	27.525	455
27.550	574	27.576	464
27.601	581	27.626	473
27.652	580	27.677	484
27.702	574	27.728	494
27.753	561	27.779	503
27.803	543	27.829	511
27.855	520	27.880	519
27.905	493	27.930	524
27.956	465	27.982	527
28.006	436	28.032	527
28.057	408	28.083	524
28.108	383	28.133	519
28.159	362	28.184	512
28.209	345	28.234	503
28.260	335	28.286	493
28.310	330	28.336	481
28.361	332	28.387	470
28.412	340	28.437	458
28.463	354	28.488	448
28.513	373	28.539	439
28.564	397	28.590	432
28.614	423	28.640	428
28.666	450	28.691	426
28.716	479	28.741	426
28.767	505	28.793	430
28.817	530	28.843	437
28.868	549	28.894	445
28.919	563	28.944	456
28.970	573	28.995	468
29.020	576	29.046	481
29.071	573	29.097	494
29.121	563	29.147	506
29.172	548	29.198	517
29.223	528	29.248	527
29.274	504	29.299	534
29.325	478	29.350	537
29.375	450	29.401	538
29.426	423	29.451	536
29.477	397	29.502	531
29.528	375	29.552	523
29.578	357	29.604	513
29.629	345	29.654	500
29.679	337	29.705	487
29.731	335	29.755	472
29.781	340	29.806	459
29.832	351	29.857	446
29.882	367	29.908	434
29.933	388	29.958	424
29.983	412	30.009	418
30.035	438	30.059	415
30.085	465	30.110	415
30.136	490	30.161	419
30.186	515	30.212	425
30.237	535	30.262	433
30.288	552	30.313	446
30.339	563	30.363	460
30.389	569	30.415	475
30.440	569	30.465	491
30.490	563	30.516	505
30.542	550	30.566	520
30.592	533	30.617	531
30.643	513	30.668	541
30.693	489	30.719	547
30.744	463	30.769	549
30.794	437	30.820	549
30.846	413	30.870	543
30.896	390	30.921	536
30.947	371	30.972	525
30.997	356	31.023	511
31.048	346	31.073	496
31.099	343	31.124	480
31.150	344	31.174	463
31.200	352	31.226	447
31.251	364	31.276	433
31.301	381	31.327	421
31.353	402	31.377	411
31.403	426	31.428	405
31.454	450	31.479	403
31.504	476	31.530	405
31.555	499	31.580	412
31.606	520	31.631	421
31.657	539	31.681	434
31.707	552	31.732	449
31.758	559	31.783	467
31.808	562	31.834	483
31.859	559	31.884	502
31.910	551	31.935	519
31.961	537	31.985	533
32.011	519	32.037	545
32.062	498	32.087	554
32.112	474	32.138	559
32.164	450	32.188	560
32.214	426	32.239	556
32.265	404	32.290	549
32.315	384	32.341	538
32.366	368	32.392	524
32.417	357	32.442	507
32.468	350	32.493	489
32.518	349	32.543	470
32.569	354	32.595	450
32.619	363	32.645	433
32.670	377	32.696	418
32.721	396	32.746	406
32.772	417	32.797	397
32.822	440	32.848	394
32.873	462	32.899	393
32.923	486	32.949	399
32.975	506	33.000	408
33.025	525	33.050	421
33.076	539	33.102	437
33.126	549	33.152	456
33.177	554	33.203	476
33.228	553	33.253	496
33.279	548	33.304	515
33.329	538	33.354	532
33.380	523	33.406	548
33.430	504	33.456	559
33.481	483	33.507	567
33.532	461	33.557	570
33.583	438	33.608	569
33.633	417	33.659	561
33.684	397	33.710	551
33.734	381	33.760	536
33.786	368	33.811	518
33.836	360	33.861	498
33.887	357	33.913	477
33.937	358	33.963	456
33.988	365	34.014	436
34.039	376	34.064	418
34.090	391	34.115	403
34.140	409	34.166	393
34.191	430	34.217	386
34.241	451	34.267	384
34.292	472	34.318	387
34.343	493	34.368	396
34.394	511	34.419	408
34.444	526	34.470	425
34.495	536	34.521	444
34.545	543	34.571	465
34.597	545	34.622	487
34.647	542	34.672	509
34.698	535	34.724	529
34.748	523	34.774	547
34.799	507	34.825	563
34.850	489	34.875	571
34.901	469	34.926	577
34.951	449	34.977	577
35.002	429	35.028	574
35.052	411	35.078	563
35.103	394	35.129	550
35.154	381	35.179	532
35.205	372	35.230	511
35.255	366	35.281	488
35.306	366	35.332	465
35.356	369	35.382	443
35.408	377	35.433	421
35.458	389	35.483	404
35.509	404	35.535	390
35.559	421	35.585	380
35.610	440	35.636	376
35.661	459	35.686	377
35.712	479	35.737	383
35.762	497	35.788	395
35.813	512	35.839	411
35.863	523	35.889	431
35.914	532	35.940	453
35.965	536	35.990	477
36.016	534	36.041	500
36.066	530	36.092	523
36.117	521	36.143	543
36.167	509	36.193	561
36.219	494	36.244	574
36.269	476	36.294	583
36.320	458	36.346	585
36.370	439	36.396	583
36.421	422	36.447	575
36.472	406	36.497	562
36.523	393	36.548	544
36.573	383	36.599	524
36.624	376	36.650	501
36.674	374	36.700	476
36.726	375	36.751	451
36.776	380	36.801	428
36.827	390	36.852	408
36.877	402	36.903	391
36.928	417	36.954	378
36.978	433	37.004	370
37.030	450	37.055	368
37.080	468	37.105	373
37.131	483	37.157	383
37.181	499	37.207	398
37.232	510	37.258	416
37.283	519	37.308	440
37.334	524	37.359	464
37.384	525	37.410	489
37.435	523	37.461	514
37.485	516	37.511	537
37.537	507	37.562	557
37.587	494	37.612	573
37.638	480	37.663	584
37.688	464	37.714	590
37.739	447	37.765	590
37.789	432	37.815	585
37.841	417	37.866	574
37.891	404	37.916	557
37.942	394	37.968	538
37.992	388	38.018	514
38.043	383	38.069	488
38.094	383	38.119	463
38.145	386	38.170	438
38.195	393	38.221	414
38.246	402	38.272	394
38.296	415	38.322	378
38.348	428	38.373	368
38.398	443	38.423	363
38.449	458	38.474	365
38.499	472	38.525	372
38.550	486	38.576	385
38.600	497	38.626	403
38.652	505	38.677	425
38.702	511	38.727	450
38.753	514	38.779	476
38.803	513	38.829	503
38.854	509	38.880	529
38.905	502	38.930	551
38.956	493	38.981	570
39.006	481	39.032	584
39.057	468	39.083	593
39.107	454	39.133	596
39.159	440	39.184	593
39.209	427	39.234	584
39.260	415	39.286	570
39.310	406	39.336	551
39.361	398	39.387	529
39.411	394	39.437	503
39.463	392	39.488	476
39.513	393	39.538	449
39.564	397	39.590	423
39.614	404	39.640	400
39.665	414	39.691	382
39.716	425	39.741	368
39.767	437	39.792	360
39.817	449	39.843	357
39.868	462	39.894	363
39.918	474	39.944	373
39.970	484	39.995	390
40.020	493	40.045	411
40.071	499	40.097	436
40.121	503	40.147	463
40.172	503	40.198	492
40.222	501	40.248	518
40.274	496	40.299	543
40.324	488	40.349	565
40.375	480	40.401	581
40.425	468	40.451	593
40.476	457	40.502	600
40.527	445	40.552	600
40.578	435	40.603	593
40.628	424	40.654	581
40.679	415	40.705	564
40.729	409	40.755	542
40.781	403	40.806	517
40.831	402	40.856	489
40.882	403	40.908	461
40.932	405	40.958	434
40.983	409	41.009	409
41.033	417	41.059	387
41.085	425	41.110	371
41.135	434	41.160	360
41.186	444	41.212	355
41.236	455	41.262	356
41.287	464	41.313	364
41.339	474	41.363	379
41.389	481	41.414	398
41.440	487	41.465	422
41.490	491	41.516	449
41.541	492	41.566	477
41.592	491	41.617	504
41.643	487	41.667	530
41.693	481	41.719	556
41.744	475	41.769	576
41.794	467	41.820	591
41.846	459	41.870	601
41.896	450	41.921	603
41.947	441	41.971	600
41.997	432	42.023	590
42.048	425	42.073	576
42.098	419	42.124	555
42.150	415	42.174	531
42.200	412	42.225	503
42.251	412	42.276	475
42.301	413	42.327	446
42.352	415	42.377	419
42.403	420	42.428	396
42.454	427	42.478	376
42.504	433	42.530	362
42.555	441	42.580	353
42.605	449	42.631	352
42.657	456	42.681	357
42.707	464	42.732	369
42.758	470	42.782	386
42.808	475	42.834	409
42.859	478	42.884	434
42.909	479	42.935	463
42.961	480	42.985	492
43.011	479	43.036	520
43.062	475	43.087	546
43.112	470	43.138	569
43.163	464	43.188	586
43.214	458	43.239	598
43.265	451	43.289	605
43.315	444	43.341	604
43.366	438	43.391	598
43.416	431	43.442	584
43.468	427	43.492	567
43.518	423	43.543	543
43.569	421	43.593	517
43.619	421	43.645	488
43.670	421	43.695	459
43.720	424	43.746	432
43.772	427	43.796	406
43.822	431	43.847	384
43.873	436	43.898	367
43.923	441	43.949	356
43.974	447	43.999	351
44.025	452	44.050	353
44.076	457	44.100	362
44.126	461	44.152	377
44.177	464	44.202	397
44.227	467	44.253	421
44.279	468	44.303	449
44.329	468	44.354	478
44.380	467	44.404	506
44.430	465	44.456	534
44.481	462	44.507	558
44.531	458	44.557	579
44.583	454	44.608	593
44.633	450	44.658	603
44.684	446	44.710	605
44.734	441	44.760	602
44.785	438	44.811	592
44.836	435	44.861	576
44.887	433	44.912	555
44.937	432	44.963	530
44.988	431	45.014	503
45.038	432	45.064	474
45.090	433	45.115	446
45.140	435	45.165	417
45.191	437	45.217	393
45.241	440	45.267	374
45.292	443	45.318	361
45.342	446	45.368	353
45.394	449	45.419	352
45.444	452	45.469	358
45.495	454	45.521	369
45.545	457	45.571	388
45.596	457	45.622	410
45.647	457	45.672	435
45.698	457	45.723	463
45.748	456	45.774	492
45.799	455	45.825	520
45.849	452	45.875	546
45.901	451	45.926	568
45.951	449	45.976	586
46.002	447	46.028	597
46.052	444	46.078	604
46.103	443	46.129	603
46.153	442	46.179	596
46.205	440	46.230	584
46.255	440	46.280	565
46.306	440	46.332	542
46.356	441	46.382	516
46.407	441	46.433	489
46.458	443	46.483	459
46.509	443	46.534	431
46.559	445	46.585	406
46.610	447	46.636	385
46.660	447	46.686	368
46.712	448	46.737	357
46.762	449	46.787	354
46.813	450	46.839	356
46.863	450	46.889	364
46.914	449	46.940	379
46.964	449	46.990	399
47.016	448	47.041	423
47.066	447	47.091	450
47.117	446	47.143	478
47.167	445	47.193	506
47.218	444	47.244	533
47.269	443	47.294	557
47.320	442	47.345	577
47.370	442	47.396	591
47.421	442	47.447	600
47.471	442	47.497	602
47.523	444	47.548	599
47.573	444	47.598	589
47.624	445	47.650	573
47.674	447	47.700	553
47.725	448	47.751	527
47.775	450	47.801	501
47.827	450	47.852	472
47.877	452	47.902	445
47.928	453	47.954	420
47.978	453	48.004	396
48.029	453	48.055	377
48.080	452	48.105	365
48.131	451	48.156	357
48.182	449	48.207	356
48.232	447	48.258	361
48.283	445	48.308	372
48.334	442	48.359	390
48.385	440	48.409	411
48.435	438	48.461	437
48.486	437	48.511	463
48.536	435	48.562	492
48.588	434	48.612	519
48.638	435	48.663	544
48.689	435	48.713	566
48.739	437	48.765	582
48.790	439	48.815	594
48.840	441	48.866	599
48.892	443	48.916	599
48.942	447	48.967	592
48.993	450	49.018	580
49.043	452	49.069	562
49.094	455	49.119	540
49.145	457	49.170	514
49.196	459	49.220	487
49.246	460	49.272	460
49.297	461	49.322	433
49.347	460	49.373	409
49.399	458	49.423	388
49.449	457	49.474	373
49.500	454	49.524	362
49.550	450	49.576	358
49.601	446	49.626	361
49.651	443	49.677	370
49.703	439	49.727	384
49.753	435	49.778	404
49.804	431	49.829	425
49.854	429	49.880	451
49.905	426	49.930	478
49.956	426	49.981	505
50.007	426	50.031	531
50.057	427	50.083	554
50.108	430	50.133	572
50.158	433	50.184	586
50.210	437	50.234	594
50.260	441	50.285	596
50.311	446	50.335	592
50.361	451	50.387	583
50.412	456	50.437	568
50.462	460	50.488	548
50.514	463	50.538	525
50.564	466	50.589	500
50.615	468	50.640	473
50.665	469	50.691	446
50.716	468	50.741	422
50.767	466	50.792	400
50.818	463	50.842	383
50.868	459	50.894	372
50.919	454	50.944	364
50.969	449	50.995	363
51.021	442	51.045	369
51.071	437	51.096	380
51.122	431	51.146	396
51.172	425	51.198	416
51.223	422	51.249	440
51.273	419	51.299	466
51.325	418	51.350	492
51.375	417	51.400	517
51.426	419	51.452	541
51.476	422	51.502	560
51.527	426	51.553	576
51.578	431	51.603	587
51.629	437	51.654	591
51.679	444	51.705	591
51.730	451	51.756	584
51.780	458	51.806	572
51.832	463	51.857	556
51.882	469	51.907	535
51.933	473	51.959	512
51.983	476	52.009	486
52.034	477	52.060	461
52.084	477	52.110	436
52.136	475	52.161	415
52.186	470	52.211	395
52.237	465	52.263	381
52.287	459	52.313	372
52.338	452	52.364	369
52.389	444	52.414	371
52.440	436	52.465	378
52.490	429	52.516	392
52.541	423	52.567	409
52.591	417	52.617	431
52.643	413	52.668	454
52.693	410	52.718	479
52.744	409	52.770	503
52.794	410	52.820	527
52.845	414	52.871	547
52.895	418	52.921	565
52.947	424	52.972	576
52.997	432	53.022	584
53.048	440	53.074	586
53.098	449	53.124	582
53.149	457	53.175	574
53.200	465	53.225	560
53.251	472	53.276	542
53.301	478	53.327	521
53.352	482	53.378	498
53.402	484	53.428	474
53.454	484	53.479	450
53.504	483	53.529	428
53.555	479	53.581	409
53.605	473	53.631	392
53.656	466	53.682	381
53.706	457	53.732	375
53.758	448	53.783	375
53.808	439	53.833	379
53.859	430	53.885	390
53.909	421	53.935	404
53.960	414	53.986	423
54.011	407	54.036	444
54.062	403	54.087	467
54.112	402	54.138	491
54.163	403	54.189	513
54.213	405	54.239	534
54.265	410	54.290	552
54.315	416	54.340	565
54.366	424	54.392	574
54.416	433	54.442	578
54.467	443	54.493	577
54.518	454	54.543	572
54.569	463	54.594	562
54.619	473	54.644	547
54.670	481	54.696	529
54.720	488	54.746	508
54.771	491	54.797	486
54.822	493	54.847	463
54.873	492	54.898	442
54.923	488	54.949	423
54.974	482	55.000	406
55.024	474	55.050	393
55.076	465	55.101	386
55.126	454	55.151	383
55.177	442	55.203	383
55.227	432	55.253	390
55.278	420	55.304	401
55.329	411	55.354	417
55.380	403	55.405	434
55.430	397	55.455	455
55.481	394	55.507	477
55.531	393	55.557	500
55.582	396	55.608	520
55.633	400	55.658	538
55.684	407	55.709	553
55.735	417	55.760	565
55.785	427	55.811	571
55.836	439	55.861	574
55.887	450	55.912	569
55.938	462	55.962	561
55.988	472	56.014	550
56.039	482	56.064	535
56.089	490	56.115	516
56.141	495	56.165	496
56.191	498	56.216	475
56.242	498	56.266	455
56.292	495	56.318	435
56.343	489	56.368	418
56.393	482	56.419	404
56.445	472	56.469	394
56.495	460	56.520	389
56.546	448	56.571	389
56.596	436	56.622	393
56.647	423	56.672	401
56.698	413	56.723	414
56.749	402	56.773	430
56.799	395	56.825	448
56.850	390	56.875	469
56.900	388	56.926	488
56.952	389	56.976	509
57.002	393	57.027	526
57.053	399	57.078	542
57.103	408	57.129	553
57.154	418	57.179	562
57.204	431	57.230	565
57.256	444	57.280	565
57.306	457	57.331	559
57.357	470	57.382	550
57.407	482	57.433	538
57.458	492	57.483	522
57.509	499	57.534	503
57.560	503	57.584	485
57.610	505	57.636	466
57.661	503	57.686	447
57.711	499	57.737	430
57.763	491	57.787	416
57.813	481	57.838	406
57.864	469	57.889	399
57.914	456	57.940	397
57.965	442	57.990	399
58.015	428	58.041	404
58.067	414	58.091	414
58.117	403	58.142	428
58.168	394	58.193	443
58.218	387	58.244	461
58.269	383	58.294	479
58.320	382	58.345	497
58.371	384	58.395	514
58.421	390	58.447	529
58.472	399	58.497	541
58.522	410	58.548	550
58.574	423	58.598	556
58.624	437	58.649	557
58.675	451	58.700	554
58.725	466	58.751	548
58.776	480	58.802	537
58.826	491	58.852	525
58.878	501	58.903	509
58.928	507	58.953	492
58.979	510	59.005	475
59.029	510	59.055	459
59.080	506	59.106	443
59.131	499	59.156	429
59.182	489	59.207	418
59.232	477	59.258	410
59.283	464	59.309	406
59.333	448	59.359	406
59.385	433	59.410	410
59.435	419	59.460	417
59.486	405	59.512	427
59.536	394	59.562	440
59.587	385	59.613	455
59.638	380	59.663	471
59.689	377	59.714	487
59.739	378	59.764	503
59.790	383	59.816	517
59.840	391	59.866	530
59.891	402	59.917	539
59.942	415	59.967	545
59.993	429	60.018	549
60.043	446	60.069	547
60.094	460	60.120	543
60.144	476	60.170	536
60.196	489	60.221	525
60.246	500	60.271	513
60.297	508	60.323	499
60.347	513	60.373	483
60.398	515	60.424	468
60.449	513	60.474	454
60.500	507	60.525	441
60.550	498	60.575	430
60.601	486	60.627	421
60.651	472	60.677	416
60.702	457	60.728	415
60.753	440	60.778	416
60.804	425	60.829	421
60.854	410	60.880	429
60.905	396	60.931	439
60.955	385	60.981	452
61.007	378	61.032	466
61.057	373	61.082	480
61.108	374	61.134	493
61.158	376	61.184	506
61.209	383	61.235	518
61.260	393	61.285	527
61.311	407	61.336	534
61.361	420	61.386	538
61.412	437	61.438	539
61.462	454	61.488	536
61.513	470	61.539	532
61.564	486	61.589	524
61.615	498	61.640	514
61.665	508	61.691	502
61.716	516	61.742	489
61.766	519	61.792	476
61.818	518	61.843	463
61.868	514	61.893	451
61.919	506	61.945	441
61.969	495	61.995	433
62.020	482	62.046	428
62.071	465	62.096	424
62.122	449	62.147	424
62.172	432	62.198	427
62.223	415	62.249	433
62.273	401	62.299	441
62.324	388	62.350	450
62.375	378	62.400	461
62.426	372	62.451	473
62.477	369	62.502	486
62.527	371	62.553	497
62.578	376	62.603	508
62.629	385	62.654	517
62.680	397	62.704	524
62.730	412	62.756	529
62.781	428	62.806	530
62.831	446	62.857	529
62.883	463	62.907	526
62.933	480	62.958	520
62.984	494	63.009	512
63.034	506	63.060	503
63.085	515	63.110	493
63.135	521	63.161	482
63.187	522	63.211	471
63.237	519	63.262	461
63.288	513	63.313	452
63.338	503	63.364	443
63.389	490	63.414	437
63.440	475	63.465	434
63.491	458	63.515	433
63.541	440	63.567	435
63.592	423	63.617	438
63.642	405	63.668	444
63.694	392	63.718	451
63.744	380	63.769	460
63.795	372	63.820	470
63.845	367	63.871	480
63.896	367	63.921	490
63.946	371	63.972	499
63.998	379	64.022	507
64.048	389	64.073	513
64.099	403	64.124	518
64.149	420	64.175	520
64.200	437	64.225	521
64.251	455	64.276	518
64.302	472	64.326	515
64.352	488	64.378	509
64.403	502	64.428	502
64.453	514	64.479	493
64.505	521	64.529	485
64.555	525	64.580	477
64.606	524	64.631	467
64.656	519	64.682	460
64.707	511	64.732	453
64.758	499	64.783	448
64.809	484	64.833	445
64.859	467	64.884	443
64.910	449	64.935	443
64.960	431	64.986	446
65.011	413	65.036	449
65.062	398	65.087	455
65.113	384	65.137	462
65.163	374	65.189	469
65.214	367	65.239	476
65.264	365	65.290	484
65.316	367	65.340	492
65.366	373	65.391	498
65.417	382	65.442	504
65.467	395	65.493	507
65.518	410	65.544	510
65.569	428	65.594	510
65.620	446	65.645	510
65.670	464	65.695	508
65.721	482	65.747	503
65.771	497	65.797	499
65.822	511	65.848	493
65.873	519	65.898	486
65.924	525	65.949	480
65.974	526	66.000	473
66.025	523	66.051	468
66.075	516	66.101	462
66.127	506	66.152	458
66.177	492	66.202	455
66.228	476	66.254	453
66.278	458	66.304	453
66.329	439	66.355	454
66.380	421	66.405	457
66.431	404	66.456	460
66.481	390	66.506	464
66.532	378	66.558	469
66.582	369	66.608	475
66.633	365	66.659	481
66.684	365	66.709	486
66.735	368	66.760	491
66.785	377	66.811	495
66.836	388	66.862	498
66.886	402	66.912	500
66.938	418	66.963	502
66.988	437	67.013	501
67.039	455	67.065	499
67.089	474	67.115	497
67.140	491	67.166	494
67.191	505	67.216	490
67.242	516	67.267	485
67.292	524	67.318	481
67.343	527	67.369	477
67.393	527	67.419	473
67.444	522	67.470	469
67.495	513	67.520	466
67.546	500	67.571	464
67.596	484	67.622	463
67.647	467	67.673	462
67.697	449	67.723	463
67.749	430	67.774	464
67.799	413	67.824	467
67.850	396	67.876	469
67.900	383	67.926	473
67.951	373	67.977	476
68.002	366	68.027	479
68.053	364	68.078	482
68.103	366	68.129	485
68.154	372	68.180	488
68.204	381	68.230	489
68.255	395	68.281	491
68.306	410	68.331	491
68.357	428	68.382	491
68.407	447	68.433	491
68.458	465	68.484	489
68.508	484	68.534	487
68.560	498	68.585	485
68.610	511	68.635	483
68.661	520	68.687	481
68.711	526	68.737	478
68.762	527	68.788	476
68.813	525	68.838	473
68.864	517	68.889	473
68.914	506	68.940	472
68.965	493	68.991	472
69.015	476	69.041	472
69.066	458	69.092	472
69.117	439	69.142	473
69.168	421	69.193	474
69.218	404	69.244	476
69.269	389	69.295	478
69.319	377	69.345	479
69.371	370	69.396	479
69.421	365	69.446	481
69.472	364	69.498	482
69.522	368	69.548	483
69.573	377	69.599	482
69.624	389	69.649	483
69.675	403	69.700	483
69.725	419	69.751	482
69.776	438	69.802	481
69.826	456	69.852	481
69.878	474	69.903	480
69.928	491	69.953	479
69.979	504	70.004	479
70.029	515	70.055	478
70.080	523	70.106	477
70.130	526	70.156	477
70.182	526	70.207	478
70.232	520	70.257	478
70.283	512	70.309	479
70.333	499	70.359	479
70.384	484	70.410	481
70.435	467	70.460	481
70.486	449	70.511	482
70.536	430	70.562	483
70.587	413	70.613	483
70.637	397	70.663	483
70.689	384	70.714	483
70.739	374	70.764	483
70.790	368	70.815	481
70.840	366	70.866	481
70.891	367	70.917	480
70.941	374	70.967	478
70.993	383	71.018	477
71.043	396	71.068	475
71.094	412	71.120	474
71.144	430	71.170	474
71.195	447	71.221	473
71.246	465	71.271	473
71.297	482	71.322	473
71.347	497	71.373	474
71.398	509	71.424	474
71.448	518	71.474	476
71.500	524	71.525	477
71.550	526	71.575	480
71.601	522	71.626	482
71.651	515	71.677	484
71.702	504	71.728	486
71.752	491	71.778	487
71.804	475	71.829	489
71.854	458	71.879	490
71.905	439	71.931	490
71.955	422	71.981	489
72.006	405	72.032	489
72.057	391	72.082	488
72.108	380	72.133	486
72.158	373	72.184	483
72.209	367	72.235	480
72.259	368	72.285	478
72.311	372	72.336	474
72.361	380	72.386	472
72.412	391	72.438	469
72.462	405	72.488	467
72.513	421	72.539	466
72.563	438	72.589	465
72.615	456	72.640	465
72.665	473	72.690	466
72.716	489	72.742	467
72.766	503	72.792	470
72.817	512	72.843	473
72.868	520	72.893	476
72.919	523	72.944	480
72.969	523	72.995	483
73.020	517	73.046	487
73.070	508	73.096	490
73.122	497	73.147	493
73.172	482	73.197	496
73.223	466	73.249	497
73.273	448	73.299	497
73.324	431	73.350	497
73.374	415	73.400	495
73.426	400	73.451	494
73.476	387	73.501	489
73.527	378	73.553	486
73.577	372	73.603	482
73.628	370	73.654	477
73.679	372	73.704	473
73.730	377	73.755	468
73.780	387	73.806	465
73.831	399	73.857	462
73.881	414	73.907	460
73.933	430	73.958	458
73.983	448	74.008	458
74.034	464	74.060	459
74.084	480	74.110	462
74.135	495	74.161	464
74.185	506	74.211	468
74.237	514	74.262	473
74.287	520	74.312	478
74.338	520	74.364	484
74.388	518	74.414	488
74.439	511	74.465	493
74.490	501	74.515	498
74.541	488	74.566	501
74.591	473	74.617	503
74.642	457	74.668	504
74.692	440	74.718	504
74.744	423	74.769	502
74.794	408	74.819	499
74.845	395	74.871	496
74.895	384	74.921	491
74.946	377	74.972	485
74.996	373	75.022	480
75.048	374	75.073	473
75.099	378	75.123	467
75.149	385	75.175	462
75.200	395	75.225	457
75.250	408	75.276	454
75.302	423	75.326	452
75.352	439	75.377	451
75.403	456	75.428	452
75.453	472	75.479	454
75.504	486	75.529	458
75.555	498	75.580	463
75.606	509	75.630	468
75.656	514	75.682	474
75.707	518	75.732	482
75.757	517	75.783	488
75.809	512	75.833	495
75.859	503	75.884	500
75.910	493	75.934	505
75.960	480	75.986	508
76.011	464	76.036	510
76.061	448	76.087	511
76.113	432	76.137	509
76.163	418	76.188	507
76.214	403	76.239	502
76.264	393	76.290	497
76.315	383	76.340	489
76.366	378	76.391	482
76.417	377	76.441	475
76.467	379	76.493	468
76.518	384	76.543	461
76.568	392	76.594	456
76.620	404	76.644	450
76.670	417	76.695	446
76.721	432	76.745	446
76.771	447	76.797	445
76.822	463	76.847	448
76.872	477	76.898	451
76.924	490	76.948	456
76.974	501	76.999	463
77.025	509	77.050	471
77.075	513	77.101	479
77.126	514	77.151	486
77.177	511	77.202	493
77.228	505	77.252	502
77.278	496	77.304	508
77.329	484	77.354	513
77.379	471	77.405	515
77.431	456	77.455	517
77.481	440	77.506	517
77.532	425	77.556	513
77.582	412	77.608	510
77.633	401	77.658	503
77.683	391	77.709	496
77.735	384	77.759	487
77.785	381	77.810	478
77.836	382	77.861	469
77.886	384	77.912	462
77.937	391	77.962	453
77.988	400	78.013	448
78.039	412	78.064	443
78.089	426	78.115	440
78.140	440	78.166	440
78.190	455	78.216	441
78.242	469	78.267	444
78.292	482	78.317	449
78.343	493	78.369	456
78.393	502	78.419	464
78.444	508	78.470	474
78.494	510	78.520	483
78.546	509	78.571	493
78.596	505	78.621	502
78.647	498	78.673	510
78.697	488	78.723	516
78.748	477	78.774	520
78.799	463	78.824	523
78.850	450	78.875	523
78.900	434	78.926	520
78.951	420	78.977	516
79.001	409	79.027	509
79.053	398	79.078	502
79.103	391	79.128	493
79.154	386	79.180	482
79.204	385	79.230	473
79.255	386	79.281	462
79.305	392	79.331	454
79.357	398	79.382	445
79.407	409	79.432	440
79.458	421	79.484	435
79.508	434	79.534	434
79.559	448	79.585	434
79.610	462	79.635	437
79.661	474	79.686	442
79.711	485	79.737	449
79.762	495	79.788	459
79.812	500	79.838	468
79.864	504	79.889	479
79.914	506	79.939	490
79.965	504	79.991	500
80.015	498	80.041	509
80.066	490	80.092	517
80.116	480	80.142	522
80.168	469	80.193	526
80.218	455	80.243	528
80.269	442	80.295	526
80.319	430	80.345	523
80.370	417	80.396	517
80.421	408	80.446	509
80.472	399	80.497	499
80.522	393	80.548	489
80.573	390	80.599	477
80.623	391	80.649	465
80.675	393	80.700	455
80.725	400	80.750	447
80.776	408	80.802	439
80.826	418	80.852	433
80.877	429	80.903	430
80.927	441	80.953	429
80.979	453	81.004	431
81.029	466	81.054	435
81.080	476	81.106	442
81.130	486	81.156	451
81.181	493	81.207	462
81.232	498	81.257	473
81.283	501	81.308	485
81.334	499	81.359	496
81.384	496	81.410	506
81.435	490	81.460	516
81.486	482	81.511	524
81.537	472	81.561	529
81.587	461	81.613	532
81.638	449	81.663	531
81.688	438	81.714	529
81.740	426	81.764	523
81.790	415	81.815	516
81.841	407	81.865	506
81.891	401	81.917	496
81.942	397	81.967	484
81.992	396	82.018	471
82.044	397	82.068	459
82.094	401	82.119	449
82.145	408	82.170	440
82.195	415	82.221	432
82.246	426	82.271	428
82.297	435	82.322	425
82.348	447	82.372	425
82.398	458	82.424	429
82.449	469	82.474	435
82.499	478	82.525	444
82.551	486	82.575	454
82.601	491	82.626	466
82.652	495	82.676	478
82.702	496	82.728	491
82.753	493	82.778	502
82.803	489	82.829	514
82.855	483	82.879	523
82.905	474	82.930	530
82.956	465	82.981	535
83.006	454	83.032	537
83.057	444	83.082	535
83.108	433	83.133	531
83.159	424	83.183	523
83.209	414	83.235	514
83.260	408	83.285	503
83.310	404	83.336	490
83.362	401	83.386	477
83.412	401	83.437	464
83.463	403	83.487	452
83.513	409	83.539	441
83.564	415	83.589	432
83.614	423	83.640	426
83.666	432	83.690	422
83.716	443	83.741	421
83.767	453	83.792	424
83.817	463	83.843	429
83.868	471	83.893	438
83.919	479	83.944	446
83.970	484	83.994	459
84.020	489	84.046	472
84.071	490	84.096	485
84.121	489	84.147	499
84.173	486	84.197	511
84.223	481	84.248	522
84.274	475	84.298	530
84.324	468	84.350	537
84.375	458	84.401	539
84.425	449	84.451	539
84.477	440	84.502	536
84.527	430	84.552	530
84.578	423	84.604	521
84.628	416	84.654	510
84.679	411	84.705	497
84.730	408	84.755	484
84.781	407	84.806	469
84.831	408	84.857	456
84.882	411	84.908	444
84.932	416	84.958	434
84.984	423	85.009	426
85.034	431	85.059	420
85.085	438	85.111	418
85.135	447	85.161	419
85.186	456	85.212	423
85.236	464	85.262	430
85.288	472	85.313	440
85.338	477	85.363	452
85.389	481	85.415	465
85.439	484	85.465	479
85.490	484	85.516	493
85.541	483	85.566	506
85.592	479	85.617	519
85.642	474	85.668	529
85.693	469	85.719	537
85.743	461	85.769	541
85.795	453	85.820	542
85.845	445	85.870	541
85.896	437	85.922	536
85.946	430	85.972	528
85.997	423	86.023	517
86.047	418	86.073	505
86.099	415	86.124	491
86.149	413	86.174	477
86.200	414	86.226	463
86.250	415	86.276	449
86.301	418	86.327	437
86.352	423	86.377	428
86.403	430	86.428	421
86.453	436	86.479	416
86.504	444	86.530	416
86.554	451	86.580	419
86.606	458	86.631	424
86.656	465	86.681	433
86.707	471	86.733	445
86.757	475	86.783	457
86.808	477	86.834	472
86.858	479	86.884	486
86.910	478	86.935	501
86.960	476	86.985	514
87.011	473	87.037	526
87.061	468	87.087	534
87.112	462	87.138	541
87.163	455	87.188	544
87.214	449	87.239	544
87.264	442	87.290	541
87.315	436	87.341	533
87.365	430	87.391	524
87.417	426	87.442	512
87.467	423	87.492	499
87.518	420	87.544	484
87.568	419	87.594	469
87.619	420	87.645	455
87.670	422	87.695	443
87.721	425	87.746	430
87.771	430	87.796	422
87.822	435	87.848	416
87.872	442	87.898	414
87.923	447	87.949	415
87.974	453	87.999	420
88.025	459	88.050	427
88.075	464	88.101	438
88.126	468	88.152	451
88.176	470	88.202	464
88.228	472	88.253	479
88.278	472	88.303	494
88.329	471	88.355	508
88.379	469	88.405	520
88.430	466	88.456	532
88.481	462	88.506	539
88.532	457	88.557	544
88.582	452	88.607	546
88.633	446	88.659	544
88.683	441	88.709	539
88.734	436	88.760	530
88.785	432	88.810	520
88.836	429	88.861	507
88.887	426	88.912	491
88.937	426	88.963	477
88.988	427	89.013	462
89.039	427	89.064	447
89.090	429	89.114	435
89.140	432	89.166	425
89.191	436	89.216	418
89.241	441	89.267	414
89.293	445	89.317	413
89.343	450	89.368	416
89.394	454	89.418	422
89.444	457	89.470	431
89.495	461	89.520	443
89.545	464	89.571	457
89.597	466	89.621	471
89.647	466	89.672	487
89.698	466	89.723	502
89.748	465	89.774	516
89.799	462	89.824	527
89.850	460	89.875	537
89.901	456	89.925	543
89.951	453	89.977	546
90.002	449	90.027	546
90.052	444	90.078	542
90.104	441	90.128	535
90.154	438	90.179	525
90.205	436	90.230	513
90.255	433	90.281	499
90.306	432	90.331	484
90.356	432	90.382	469
90.408	432	90.432	454
90.458	434	90.483	440
90.509	436	90.534	430
90.559	438	90.585	420
90.610	441	90.635	415
90.661	444	90.686	413
90.712	448	90.736	414
90.762	451	90.788	418
90.813	454	90.838	426
90.863	456	90.889	437
90.915	458	90.939	449
90.965	460	90.990	464
91.016	460	91.041	479
91.066	461	91.092	495
91.117	460	91.142	509
91.167	458	91.193	521
91.219	457	91.243	533
91.269	455	91.294	541
91.320	453	91.345	544
91.370	449	91.396	546
91.421	448	91.446	545
91.472	445	91.497	540
91.523	443	91.547	531
91.573	441	91.599	520
91.624	440	91.649	506
91.674	439	91.700	492
91.726	438	91.750	476
91.776	438	91.801	461
91.827	439	91.852	447
91.877	439	91.903	435
91.928	441	91.954	425
91.978	443	92.004	417
92.030	445	92.055	414
92.080	447	92.105	413
92.131	448	92.157	416
92.181	450	92.207	422
92.232	452	92.258	432
92.283	453	92.308	443
92.334	453	92.359	457
92.384	454	92.410	472
92.435	454	92.461	487
92.485	454	92.511	502
92.537	454	92.562	515
92.587	453	92.612	527
92.638	452	92.664	537
92.688	451	92.714	543
92.739	450	92.765	546
92.790	449	92.815	545
92.841	447	92.866	541
92.891	447	92.916	534
92.942	445	92.968	524
92.992	445	93.018	513
93.043	445	93.069	498
93.094	444	93.119	483
93.145	445	93.170	468
93.195	445	93.221	454
93.246	445	93.272	441
93.296	445	93.322	430
93.348	446	93.373	422
93.398	447	93.423	416
93.449	447	93.475	414
93.499	448	93.525	415
93.550	448	93.576	420
93.601	448	93.626	428
93.652	449	93.677	438
93.702	449	93.727	450
93.753	449	93.779	465
93.803	449	93.829	480
93.854	449	93.880	495
93.905	449	93.930	508
93.956	449	93.981	521
94.006	449	94.032	531
94.057	449	94.083	539
94.107	449	94.133	543
94.159	448	94.184	545
94.209	448	94.234	543
94.260	448	94.286	537
94.310	449	94.336	529
94.361	449	94.387	517
94.412	449	94.437	505
94.463	449	94.488	490
94.513	449	94.538	476
94.564	449	94.590	461
94.614	450	94.640	448
94.665	449	94.691	436
94.716	449	94.741	427
94.767	449	94.792	419
94.817	448	94.843	417
94.868	447	94.894	416
94.918	447	94.944	419
94.970	446	94.995	425
95.020	446	95.045	434
95.071	445	95.097	445
95.121	444	95.147	458
95.172	445	95.198	473
95.223	444	95.248	487
95.274	444	95.299	502
95.324	445	95.350	514
95.375	445	95.401	525
95.425	446	95.451	534
95.476	447	95.502	540
95.527	448	95.552	543
95.578	449	95.603	541
95.629	450	95.654	538
95.679	451	95.705	531
95.730	452	95.755	522
95.781	453	95.806	510
95.832	454	95.856	497
95.882	454	95.908	483
95.933	455	95.958	469
95.983	454	96.009	455
96.035	453	96.059	444
96.085	453	96.110	432
96.136	451	96.161	424
96.186	450	96.212	420
96.237	449	96.262	417
96.287	447	96.313	418
96.339	445	96.363	423
96.389	443	96.414	431
96.440	443	96.465	441
96.490	441	96.516	453
96.541	440	96.566	466
96.592	440	96.617	480
96.643	440	96.667	494
96.693	440	96.719	507
96.744	441	96.769	518
96.794	443	96.820	530
96.846	444	96.870	535
96.896	447	96.921	540
96.947	449	96.972	540
96.997	451	97.023	538
97.048	453	97.073	533
97.098	455	97.124	526
97.150	456	97.174	515
97.200	458	97.225	503
97.251	458	97.276	490
97.301	459	97.327	476
97.352	458	97.377	463
97.403	458	97.428	450
97.454	456	97.478	439
97.504	454	97.530	430
97.555	452	97.580	424
97.605	449	97.631	420
97.657	447	97.681	420
97.707	445	97.732	423
97.758	442	97.783	429
97.808	440	97.834	437
97.859	439	97.884	448
97.910	437	97.935	461
97.961	436	97.985	474
98.011	435	98.036	487
98.062	436	98.087	500
98.112	438	98.138	512
98.163	439	98.188	522
98.214	441	98.239	530
98.265	444	98.289	535
98.315	447	98.341	538
98.366	450	98.391	537
98.416	453	98.442	533
98.468	456	98.492	527
98.518	458	98.543	518
98.569	460	98.594	508
98.619	461	98.645	496
98.670	463	98.696	482
98.721	462	98.746	469
98.772	462	98.797	457
98.822	460	98.847	446
98.873	458	98.899	437
98.923	456	98.949	429
98.974	452	99.000	425
99.025	449	99.050	422
99.076	446	99.101	425
99.126	442	99.152	428
99.177	439	99.203	435
99.227	436	99.253	444
99.279	434	99.304	455
99.329	433	99.354	467
99.380	433	99.406	480
99.430	432	99.456	494
99.481	434	99.507	504
99.532	436	99.557	516
99.583	438	99.608	523
99.633	442	99.658	531
99.684	445	99.710	534
99.734	449	99.760	535
99.785	452	99.811	532
99.836	456	99.861	528
99.887	460	99.912	521
99.937	462	99.963	512
99.988	465	100.014	501