#Creator: pendulumviewEventBuffer
#Creation time: Wed Feb 22 15:33:09 2017
#Time A	Pos A	Time B	Pos B
#[s]	[au]	[s]	[au]
4.029	559	4.055	462
4.079	565	4.105	462
4.131	565	4.156	461
4.181	561	4.206	462
4.232	552	4.258	462
4.282	538	4.308	462
4.333	520	4.359	462
4.383	499	4.409	461
4.435	476	4.460	462
4.485	453	4.510	463
4.536	431	4.562	462
4.586	410	4.612	462
4.637	392	4.663	461
4.688	379	4.713	462
4.739	370	4.764	462
4.789	367	4.815	462
4.840	367	4.866	462
4.890	372	4.916	461
4.942	381	4.967	461
4.992	394	5.017	461
5.043	411	5.069	461
5.093	431	5.119	461
5.144	452	5.170	460
5.194	472	5.220	461
5.246	492	5.271	461
5.296	512	5.321	461
5.347	531	5.373	461
5.397	545	5.423	461
5.448	556	5.474	462
5.499	562	5.524	462
5.550	562	5.575	462
5.600	557	5.626	462
5.651	547	5.677	462
5.701	534	5.727	462
5.753	516	5.778	462
5.803	497	5.828	462
5.854	476	5.880	463
5.904	454	5.930	463
5.955	434	5.981	462
6.005	415	6.031	462
6.057	398	6.082	462
6.107	383	6.132	462
6.158	374	6.184	461
6.208	370	6.234	462
6.259	372	6.285	461
6.310	377	6.335	461
6.361	387	6.386	460
6.411	400	6.437	461
6.462	415	6.488	461
6.512	433	6.538	461
6.564	451	6.589	460
6.614	470	6.639	461
6.665	489	6.691	461
6.715	508	6.741	462
6.766	524	6.792	462
6.816	537	6.842	462
6.868	546	6.893	462
6.918	552	6.943	462
6.969	553	6.995	462
7.019	549	7.045	462
7.070	541	7.096	463
7.122	529	7.146	462
7.172	514	7.197	462
7.223	497	7.248	462
7.273	477	7.299	462
7.324	457	7.349	462
7.375	438	7.400	462
7.426	419	7.450	462
7.476	403	7.502	461
7.527	391	7.552	461
7.577	381	7.603	461
7.629	377	7.653	461
7.679	376	7.704	460
7.730	380	7.754	461
7.780	388	7.806	461
7.831	399	7.856	460
7.881	414	7.907	461
7.933	430	7.957	461
7.983	448	8.008	461
8.034	467	8.059	461
8.084	486	8.110	461
8.135	503	8.160	462
8.186	519	8.211	462
8.237	533	8.261	462
8.287	542	8.313	463
8.338	549	8.363	463
8.388	550	8.414	463
8.440	546	8.464	463
8.490	539	8.515	463
8.541	528	8.565	463
8.591	514	8.617	463
8.642	497	8.667	463
8.692	478	8.718	463
8.744	459	8.768	462
8.794	440	8.819	462
8.845	422	8.870	461
8.895	406	8.921	461
8.946	394	8.971	461
8.997	385	9.022	461
9.048	381	9.072	460
9.098	382	9.124	460
9.149	385	9.174	461
9.199	392	9.225	461
9.251	402	9.275	460
9.301	415	9.326	461
9.352	431	9.376	460
9.402	448	9.428	461
9.453	466	9.478	462
9.503	484	9.529	461
9.555	501	9.579	462
9.605	515	9.630	462
9.656	527	9.681	463
9.706	536	9.732	463
9.757	540	9.782	463
9.808	542	9.833	463
9.859	539	9.883	463
9.909	531	9.935	463
9.960	522	9.985	463
10.010	508	10.036	463
10.062	493	10.086	462
10.112	476	10.137	462
10.163	458	10.187	462
10.213	440	10.239	462
10.264	425	10.290	461
10.314	410	10.340	460
10.366	399	10.391	461
10.416	391	10.441	460
10.467	388	10.493	460
10.517	387	10.543	460
10.568	390	10.594	460
10.619	398	10.644	460
10.670	408	10.695	461
10.720	421	10.746	461
10.771	436	10.797	461
10.821	451	10.847	461
10.873	467	10.898	462
10.923	483	10.948	462
10.974	499	11.000	463
11.024	513	11.050	462
11.075	524	11.101	464
11.125	533	11.151	463
11.177	538	11.202	464
11.227	539	11.252	464
11.278	537	11.304	463
11.328	531	11.354	462
11.379	521	11.405	462
11.430	507	11.455	462
11.481	494	11.506	461
11.531	477	11.557	461
11.582	460	11.608	460
11.632	444	11.658	461
11.684	428	11.709	459
11.734	415	11.759	460
11.785	404	11.811	460
11.835	395	11.861	460
11.886	392	11.912	460
11.936	391	11.962	460
11.988	394	12.013	461
12.038	400	12.063	462
12.089	409	12.115	462
12.139	421	12.165	462
12.190	435	12.216	463
12.241	449	12.266	462
12.292	466	12.317	463
12.342	482	12.368	463
12.393	497	12.419	464
12.443	510	12.469	463
12.495	521	12.520	463
12.545	529	12.570	463
12.596	534	12.622	462
12.646	537	12.672	462
12.697	534	12.723	462
12.747	528	12.773	462
12.799	518	12.824	461
12.849	506	12.874	461
12.900	492	12.926	461
12.950	477	12.976	461
13.001	460	13.027	460
13.052	444	13.077	460
13.103	430	13.128	461
13.153	416	13.179	461
13.204	406	13.230	461
13.254	398	13.280	460
13.306	395	13.331	461
13.356	395	13.381	462
13.407	397	13.433	461
13.457	403	13.483	462
13.508	412	13.534	462
13.559	423	13.584	462
13.610	437	13.635	462
13.660	451	13.685	462
13.711	467	13.737	463
13.761	482	13.787	463
13.812	497	13.838	462
13.863	510	13.888	462
13.914	521	13.939	462
13.964	528	13.990	462
14.015	532	14.041	462
14.065	534	14.091	462
14.117	531	14.142	461
14.167	524	14.192	461
14.218	515	14.244	462
14.268	503	14.294	461
14.319	490	14.345	461
14.370	476	14.395	461
14.421	461	14.446	461
14.471	446	14.496	461
14.522	433	14.548	461
14.572	421	14.598	461
14.623	411	14.649	461
14.674	404	14.699	461
14.725	399	14.750	461
14.776	399	14.801	462
14.826	402	14.852	462
14.877	408	14.902	462
14.928	416	14.953	462
14.979	427	15.003	462
15.029	439	15.055	462
15.080	453	15.105	462
15.130	468	15.156	462
15.182	482	15.206	462
15.232	495	15.257	463
15.283	508	15.307	462
15.333	517	15.359	462
15.384	524	15.409	462
15.434	528	15.460	462
15.486	528	15.510	462
15.536	526	15.561	462
15.587	521	15.612	461
15.637	512	15.663	462
15.688	502	15.713	461
15.739	490	15.764	461
15.790	477	15.814	461
15.840	463	15.866	461
15.891	449	15.916	462
15.941	436	15.967	461
15.993	424	16.017	461
16.043	414	16.068	461
16.094	407	16.119	462
16.144	403	16.170	461
16.195	401	16.220	462
16.245	405	16.271	463
16.297	409	16.321	462
16.347	418	16.372	462
16.398	429	16.423	463
16.448	441	16.474	462
16.499	453	16.524	462
16.550	466	16.575	462
16.601	481	16.625	462
16.651	494	16.677	462
16.702	506	16.727	462
16.752	515	16.778	462
16.804	522	16.828	462
16.854	525	16.879	462
16.905	525	16.930	461
16.955	524	16.981	462
17.006	519	17.031	461
17.056	511	17.082	461
17.108	501	17.132	461
17.158	489	17.183	462
17.209	476	17.234	462
17.259	463	17.285	462
17.310	448	17.335	462
17.361	436	17.386	461
17.412	425	17.436	462
17.462	416	17.488	462
17.513	410	17.538	462
17.563	408	17.589	462
17.615	406	17.639	462
17.665	408	17.690	462
17.716	413	17.741	462
17.766	420	17.792	462
17.817	430	17.843	462
17.867	441	17.893	462
17.919	454	17.944	462
17.969	467	17.994	461
18.020	480	18.046	461
18.070	493	18.096	462
18.121	503	18.147	461
18.172	512	18.197	462
18.223	519	18.248	461
18.273	521	18.299	462
18.324	522	18.350	462
18.374	520	18.400	461
18.426	515	18.451	461
18.476	508	18.501	462
18.527	499	18.553	462
18.577	488	18.603	462
18.628	475	18.654	462
18.679	463	18.704	462
18.730	450	18.755	461
18.780	438	18.805	462
18.831	427	18.857	462
18.881	419	18.907	462
18.932	413	18.958	462
18.983	409	19.008	462
19.034	409	19.059	462
19.084	411	19.110	462
19.135	416	19.161	462
19.185	423	19.211	462
19.237	432	19.262	461
19.287	442	19.312	461
19.338	453	19.364	461
19.388	466	19.414	461
19.439	479	19.465	461
19.490	490	19.515	461
19.541	500	19.566	461
19.591	508	19.616	461
19.642	515	19.668	462
19.692	518	19.718	462
19.743	519	19.769	462
19.794	517	19.819	461
19.845	512	19.870	462
19.895	506	19.921	462
19.946	496	19.972	462
19.996	486	20.022	462