#Creator: pendulumviewEventBuffer
#Creation time: Wed Feb 22 15:33:09 2017
#Time A	Pos A	Time B	Pos B
#[s]	[au]	[s]	[au]
5.045	560	5.070	551
5.095	542	5.120	534
5.146	521	5.172	514
5.196	495	5.222	494
5.247	466	5.273	473
5.298	438	5.323	452
5.349	410	5.374	433
5.399	384	5.425	418
5.450	360	5.476	405
5.500	343	5.526	397
5.552	331	5.577	393
5.602	324	5.627	394
5.653	324	5.679	400
5.703	330	5.729	410
5.754	342	5.780	424
5.804	360	5.830	440
5.856	382	5.881	460
5.906	408	5.931	480
5.957	435	5.983	501
6.007	464	6.033	520
6.058	492	6.084	538
6.109	518	6.134	553
6.160	540	6.185	566
6.210	557	6.236	574
6.261	569	6.287	578
6.311	576	6.337	577
6.363	575	6.388	572
6.413	568	6.438	563
6.464	556	6.490	550
6.514	536	6.540	535
6.565	514	6.591	515
6.615	488	6.641	496
6.667	459	6.692	476
6.717	431	6.742	456
6.768	404	6.794	438
6.818	378	6.844	423
6.869	357	6.895	410
6.920	341	6.945	402
6.971	330	6.996	397
7.021	325	7.047	398
7.072	326	7.098	402
7.122	334	7.148	411
7.174	347	7.199	425
7.224	365	7.249	439
7.275	388	7.301	458
7.325	415	7.351	477
7.376	442	7.402	497
7.426	470	7.452	515
7.478	498	7.503	534
7.528	523	7.553	548
7.579	543	7.605	561
7.629	559	7.655	569
7.680	570	7.706	574
7.731	575	7.756	574
7.782	573	7.807	570
7.832	564	7.858	562
7.883	550	7.909	550
7.933	531	7.959	535
7.985	507	8.010	518
8.035	482	8.060	499
8.086	452	8.112	479
8.136	425	8.162	460
8.187	398	8.213	442
8.237	374	8.263	427
8.289	354	8.314	414
8.339	339	8.364	405
8.390	330	8.416	400
8.440	325	8.466	400
8.491	329	8.517	404
8.543	338	8.567	411
8.593	353	8.618	423
8.644	372	8.669	438
8.694	396	8.720	455
8.745	422	8.770	474
8.796	450	8.821	493
8.847	478	8.871	512
8.897	504	8.923	530
8.948	528	8.973	545
8.998	547	9.024	558
9.050	562	9.074	567
9.100	570	9.125	573
9.151	573	9.175	573
9.201	569	9.227	570
9.252	559	9.277	563
9.302	544	9.328	551
9.354	524	9.378	537
9.404	499	9.429	520
9.455	473	9.480	502
9.505	446	9.531	482
9.556	418	9.581	464
9.607	393	9.632	446
9.658	370	9.682	430
9.708	351	9.734	417
9.759	339	9.784	408
9.809	330	9.835	402
9.861	328	9.885	401
9.911	333	9.936	403
9.962	343	9.986	411
10.012	359	10.038	421
10.063	379	10.088	435
10.113	404	10.139	452
10.165	429	10.189	470
10.215	457	10.240	490
10.266	483	10.291	508
10.316	509	10.342	527
10.367	531	10.392	543
10.418	549	10.443	556
10.469	561	10.493	565
10.519	569	10.545	572
10.570	570	10.595	573
10.620	564	10.646	571
10.672	554	10.696	564
10.722	538	10.747	554
10.773	517	10.797	540
10.823	493	10.849	524
10.874	466	10.899	505
10.924	439	10.950	487
10.976	413	11.000	468
11.026	388	11.051	448
11.077	367	11.102	433
11.127	350	11.153	419
11.178	339	11.203	409
11.229	332	11.254	402
11.280	332	11.304	400
11.330	338	11.356	402
11.381	349	11.406	408
11.431	365	11.457	419
11.483	386	11.507	432
11.533	410	11.558	449
11.584	437	11.608	467
11.634	463	11.660	487
11.685	489	11.711	505
11.735	513	11.761	525
11.787	534	11.812	541
11.837	550	11.862	555
11.888	560	11.914	566
11.938	567	11.964	573
11.989	566	12.015	575
12.040	560	12.065	573
12.091	548	12.116	567
12.141	531	12.167	556
12.192	510	12.218	543
12.242	485	12.268	527
12.294	459	12.319	508
12.344	434	12.369	489
12.395	407	12.421	469
12.445	384	12.471	451
12.496	365	12.522	433
12.546	349	12.572	419
12.598	339	12.623	408
12.648	335	12.673	401
12.699	336	12.725	398
12.749	344	12.775	400
12.800	356	12.826	406
12.851	373	12.876	416
12.902	394	12.927	430
12.952	418	12.978	446
13.003	443	13.029	465
13.053	469	13.079	485
13.105	494	13.130	505
13.155	517	13.180	524
13.206	536	13.232	541
13.256	550	13.282	556
13.307	560	13.333	567
13.357	564	13.383	574
13.409	562	13.434	576
13.459	554	13.484	575
13.510	541	13.536	570
13.560	524	13.586	559
13.611	503	13.637	545
13.662	478	13.687	530
13.713	453	13.738	510
13.763	428	13.789	490
13.814	404	13.840	471
13.864	382	13.890	451
13.916	363	13.941	433
13.966	351	13.991	418
14.017	341	14.043	407
14.067	339	14.093	399
14.118	341	14.144	397
14.168	349	14.194	397
14.220	362	14.245	403
14.270	379	14.295	414
14.321	400	14.347	428
14.371	424	14.397	444
14.422	449	14.448	463
14.473	474	14.498	484
14.524	497	14.549	504
14.574	519	14.600	524
14.625	536	14.651	542
14.675	549	14.701	557
14.727	557	14.752	568
14.777	560	14.802	577
14.828	557	14.854	580
14.878	548	14.904	578
14.929	535	14.955	572
14.980	517	15.005	562
15.031	496	15.056	548
15.081	472	15.106	532
15.132	448	15.158	512
15.182	423	15.208	491
15.233	401	15.259	471
15.284	380	15.309	450
15.335	364	15.360	432
15.385	351	15.411	416
15.436	344	15.462	404
15.486	342	15.512	396
15.538	346	15.563	393
15.588	355	15.613	394
15.639	368	15.665	401
15.689	386	15.715	411
15.740	407	15.766	425
15.791	430	15.816	443
15.842	455	15.867	462
15.892	478	15.917	484
15.943	501	15.969	504
15.993	520	16.019	525
16.044	536	16.070	543
16.095	547	16.120	559
16.146	554	16.171	571
16.197	556	16.222	579
16.247	551	16.273	582
16.298	542	16.323	580
16.349	527	16.374	575
16.400	510	16.424	564
16.450	489	16.476	550
16.501	466	16.526	533
16.551	443	16.577	513
16.603	420	16.627	491
16.653	398	16.678	470
16.704	379	16.728	447
16.754	364	16.780	430
16.805	354	16.830	414
16.855	348	16.881	401
16.907	347	16.931	393
16.957	352	16.982	389
17.008	362	17.033	391
17.058	376	17.084	398
17.109	393	17.134	409
17.160	414	17.185	424
17.211	436	17.235	442
17.261	459	17.287	463
17.312	481	17.337	485
17.362	502	17.388	506
17.414	520	17.438	527
17.464	534	17.489	546
17.515	545	17.540	562
17.565	549	17.591	575
17.616	550	17.641	582
17.666	545	17.692	585
17.718	535	17.742	584
17.768	521	17.793	577
17.819	503	17.844	566
17.869	483	17.895	551
17.920	461	17.945	533
17.971	439	17.996	512
18.022	417	18.046	490
18.072	397	18.098	468
18.123	380	18.148	446
18.173	366	18.199	427
18.225	358	18.249	410
18.275	352	18.300	398
18.326	353	18.351	390
18.376	358	18.402	386
18.427	367	18.452	389
18.477	382	18.503	396
18.529	399	18.553	408
18.579	419	18.604	423
18.630	440	18.655	442
18.680	463	18.706	463
18.731	484	18.756	486
18.782	503	18.807	508
18.833	519	18.857	530
18.883	532	18.909	550
18.934	541	18.959	566
18.984	545	19.010	578
19.036	545	19.060	586
19.086	539	19.111	589
19.137	529	19.162	586
19.187	514	19.213	579
19.238	498	19.264	567
19.288	478	19.314	552
19.340	457	19.365	532
19.390	436	19.415	510
19.441	416	19.467	488
19.491	397	19.517	465
19.542	381	19.568	443
19.593	369	19.618	423
19.644	361	19.669	406
19.694	357	19.720	394
19.745	358	19.771	386
19.795	364	19.821	383
19.847	374	19.872	386
19.897	388	19.922	393
19.948	405	19.974	407
19.998	425	20.024	423