#Creator: pendulumdriveEventBuffer
#Creation time: Fri Apr  7 15:31:08 2017
#Time	Pos
#[s]	[au]
0.050	464
0.100	455
0.150	454
0.200	453
0.250	444
0.301	448
0.351	447
0.401	441
0.451	449
0.501	443
0.551	456
0.602	462
0.652	459
0.702	473
0.752	478
0.802	479
0.853	491
0.903	484
0.954	498
1.004	500
1.054	490
1.104	501
1.155	496
1.205	489
1.255	489
1.305	471
1.355	474
1.405	466
1.456	452
1.506	451
1.556	443
1.606	433
1.656	434
1.707	426
1.757	430
1.807	432
1.858	430
1.908	441
1.958	447
2.009	452
2.059	466
2.109	464
2.159	485
2.209	494
2.260	492
2.310	509
2.360	511
2.410	512
2.460	517
2.510	500
2.561	511
2.611	504
2.661	484
2.711	486
2.762	473
2.812	459
2.863	453
2.913	436
2.963	433
3.013	425
3.063	415
3.114	416
3.164	417
3.214	416
3.264	425
3.314	427
3.364	443
3.415	454
3.465	460
3.515	480
3.565	488
3.616	499
3.666	514
3.717	509
3.767	527
3.817	528
3.867	519
3.917	525
3.968	515
4.018	505
4.068	499
4.118	477
4.168	473
4.218	459
4.269	439
4.319	431
4.369	422
4.419	409
4.469	408
4.520	402
4.571	407
4.621	413
4.671	414
4.721	430
4.771	442
4.822	453
4.872	471
4.922	476
4.972	500
5.022	511
5.072	512
5.123	531
5.173	530
5.223	535
5.273	535
5.323	517
5.373	521
5.425	509
5.475	486
5.525	482
5.575	465
5.625	448
5.676	437
5.726	419
5.776	413
5.826	406
5.876	398
5.926	401
5.977	409
6.027	408
6.077	420
6.127	427
6.177	447
6.228	463
6.278	473
6.329	495
6.379	499
6.429	520
6.479	531
6.530	527
6.580	542
6.630	539
6.680	529
6.730	529
6.780	508
6.831	503
6.881	490
6.931	466
6.981	457
7.031	441
7.082	422
7.132	414
7.182	410
7.233	396
7.283	397
7.333	395
7.384	404
7.434	413
7.484	419
7.534	440
7.584	447
7.634	472
7.685	490
7.735	494
7.785	519
7.835	528
7.885	532
7.936	544
7.986	528
8.036	542
8.086	535
8.137	513
8.187	511
8.238	494
8.288	474
8.338	463
8.388	438
8.438	429
8.488	416
8.539	401
8.589	397
8.639	395
8.689	392
8.739	399
8.790	403
8.840	418
8.890	433
8.940	442
8.990	467
9.041	483
9.092	496
9.142	517
9.192	515
9.242	540
9.292	545
9.343	535
9.393	546
9.443	537
9.493	526
9.543	518
9.593	492
9.644	486
9.694	468
9.744	444
9.794	433
9.844	418
9.894	402
9.946	396
9.996	388
10.046	390
10.096	394
10.146	398
10.197	411
10.247	426
10.297	438
10.347	460
10.397	470
10.447	497
10.498	513
10.548	516
10.598	539
10.648	541
10.698	548
10.748	550
10.799	530
10.850	538
10.900	524
10.950	500
11.000	494
11.051	473
11.101	453
11.151	439
11.201	418
11.251	409
11.301	399
11.352	388
11.402	388
11.452	391
11.502	392
11.552	405
11.602	414
11.653	434
11.703	452
11.754	462
11.804	490
11.854	502
11.905	520
11.955	535
12.005	529
12.055	551
12.105	550
12.155	538
12.206	543
12.256	525
12.306	516
12.356	503
12.406	476
12.456	466
12.507	447
12.557	424
12.608	414
12.658	403
12.708	389
12.759	388
12.809	386
12.859	392
12.909	401
12.959	408
13.009	426
13.060	443
13.110	460
13.160	481
13.210	488
13.260	516
13.311	528
13.361	532
13.411	549
13.461	537
13.512	551
13.562	547
13.613	523
13.663	525
13.713	508
13.763	485
13.813	475
13.863	453
13.914	433
13.964	421
14.014	405
14.064	397
14.114	391
14.165	385
14.215	389
14.265	399
14.315	404
14.365	420
14.416	430
14.467	454
14.517	472
14.567	484
14.617	509
14.667	511
14.717	537
14.768	545
14.818	538
14.868	552
14.918	546
14.968	533
15.019	531
15.069	505
15.119	500
15.169	483
15.219	457
15.269	446
15.321	428
15.371	410
15.421	402
15.471	391
15.521	388
15.572	390
15.622	391
15.672	402
15.722	415
15.772	425
15.822	446
15.873	455
15.923	483
15.973	501
16.023	507
16.073	530
16.123	537
16.174	543
16.225	551
16.275	535
16.325	544
16.375	534
16.426	510
16.476	507
16.526	487
16.576	466
16.626	454
16.676	430
16.727	420
16.777	407
16.827	395
16.877	392
16.927	391
16.977	389
17.028	400
17.078	406
17.129	424
17.179	440
17.229	452
17.280	475
17.330	491
17.380	505
17.430	525
17.480	524
17.530	545
17.581	548
17.631	538
17.681	546
17.731	533
17.781	523
17.831	513
17.882	486
17.932	479
17.982	461
18.033	436
18.083	427
18.134	414
18.184	397
18.234	394
18.284	388
18.334	392
18.384	397
18.435	402
18.485	418
18.535	432
18.585	446
18.635	468
18.685	476
18.736	503
18.786	517
18.836	522
18.886	541
18.937	541
18.988	547
19.038	547
19.088	531
19.138	531
19.188	518
19.238	493
19.289	487
19.339	465
19.389	448
19.439	434
19.489	414
19.540	406
19.590	398
19.640	389
19.690	391
19.740	401
19.790	398
19.842	412
19.892	421
19.942	443
19.992	460
20.042	472
20.092	496
20.143	502
20.193	525
20.243	537
20.293	532
20.343	548
20.394	545
20.444	535
20.494	536
20.544	511
20.594	510
20.644	494
20.695	467
20.746	459
20.796	441
20.846	421
20.896	412
20.946	407
20.997	392
21.047	392
21.097	391
21.147	399
21.197	408
21.248	416
21.298	436
21.348	447
21.398	469
21.448	487
21.498	492
21.549	520
21.599	529
21.650	531
21.700	547
21.750	532
21.800	547
21.851	539
21.901	518
21.951	517
22.001	499
22.051	478
22.102	467
22.152	443
22.202	432
22.252	418
22.302	403
22.352	398
22.403	394
22.453	388
22.504	396
22.554	401
22.604	413
22.655	429
22.705	437
22.755	462
22.805	478
22.855	491
22.905	513
22.956	514
23.006	537
23.056	543
23.106	537
23.156	548
23.206	539
23.257	529
23.307	523
23.357	497
23.408	492
23.458	475
23.509	452
23.559	441
23.609	425
23.659	408
23.709	401
23.759	394
23.810	393
23.860	394
23.910	396
23.960	409
24.010	422
24.060	432
24.111	454
24.161	462
24.211	489
24.261	505
24.312	509
24.363	532
24.413	537
24.463	542
24.513	548
24.563	530
24.613	539
24.664	528
24.714	507
24.764	500
24.814	481
24.864	462
24.914	448
24.965	427
25.015	417
25.065	406
25.115	393
25.165	393
25.217	395
25.267	393
25.317	405
25.367	411
25.417	430
25.467	446
25.518	456
25.568	481
25.618	494
25.668	511
25.718	527
25.768	523
25.819	544
25.869	546
25.919	537
25.969	542
26.019	526
26.070	519
26.121	507
26.171	480
26.221	475
26.271	456
26.321	434
26.372	424
26.422	412
26.472	397
26.522	395
26.572	390
26.623	395
26.673	401
26.723	407
26.773	423
26.823	439
26.873	453
26.924	473
26.974	481
27.025	507
27.075	520
27.125	523
27.175	541
27.226	529
27.276	547
27.326	544
27.376	524
27.426	527
27.477	512
27.527	491
27.577	482
27.627	460
27.677	443
27.727	431
27.778	412
27.828	405
27.878	398
27.929	390
27.979	394
28.029	403
28.080	402
28.130	417
28.180	426
28.230	448
28.280	464
28.331	477
28.381	500
28.431	502
28.481	528
28.531	538
28.581	534
28.632	548
28.682	543
28.732	533
28.782	532
28.833	509
28.884	505
28.934	489
28.984	464
29.034	455
29.084	437
29.134	418
29.185	410
29.235	397
29.285	394
29.335	393
29.385	392
29.435	401
29.486	412
29.536	420
29.586	439
29.636	448
29.686	474
29.738	492
29.788	497
29.838	522
29.888	530
29.938	535
29.988	547
30.039	531
30.089	544
30.139	536
30.189	514
30.239	513
30.289	495
30.340	474
30.390	462
30.440	438
30.490	429
30.540	415
30.591	400
30.642	396
30.692	393
30.742	388
30.792	398
30.842	403
30.893	418
30.943	432
30.993	442
31.043	466
31.093	482
31.143	496
31.194	517
31.244	515
31.294	539
31.344	545
31.394	538
31.445	547
31.495	536
31.546	527
31.596	519
31.646	494
31.696	487
31.747	470
31.797	446
31.847	435
31.897	421
31.947	404
31.997	399
32.048	390
32.098	391
32.148	395
32.198	398
32.248	412
32.299	425
32.349	438
32.400	458
32.450	466
32.500	494
32.550	510
32.601	516
32.651	536
32.701	538
32.751	546
32.801	549
32.852	532
32.902	537
32.952	525
33.002	502
33.052	496
33.102	475
33.153	457
33.203	442
33.253	420
33.304	412
33.354	402
33.404	390
33.455	390
33.505	394
33.555	393
33.605	406
33.655	413
33.706	433
33.756	451
33.806	462
33.856	487
33.906	500
33.956	518
34.007	532
34.057	527
34.107	548
34.157	548
34.208	537
34.258	542
34.309	518
34.359	517
34.409	503
34.459	477
34.509	467
34.560	449
34.610	428
34.660	418
34.710	410
34.760	390
34.810	391
34.861	387
34.911	393
34.961	402
35.011	408
35.061	426
35.112	442
35.163	457
35.213	479
35.263	487
35.313	513
35.363	525
35.414	530
35.464	546
35.514	534
35.564	550
35.614	545
35.664	523
35.715	525
35.765	508
35.815	486
35.865	475
35.915	449
35.965	438
36.017	423
36.067	406
36.117	399
36.167	393
36.217	386
36.268	391
36.318	395
36.368	405
36.418	421
36.468	430
36.518	452
36.569	470
36.619	483
36.669	507
36.719	510
36.769	534
36.820	543
36.870	538
36.921	550
36.971	544
37.021	532
37.071	530
37.122	502
37.172	501
37.222	484
37.272	457
37.322	447
37.372	430
37.423	412
37.473	403
37.523	392
37.573	390
37.623	391
37.674	391
37.724	402
37.774	415
37.825	424
37.875	445
37.925	455
37.976	481
38.026	498
38.076	504
38.126	528
38.176	534
38.226	542
38.277	550
38.327	534
38.377	543
38.427	534
38.477	512
38.528	508
38.578	488
38.628	470
38.678	455
38.729	432
38.779	421
38.830	409
38.880	395
38.930	393
38.980	391
39.030	389
39.080	399
39.131	404
39.181	421
39.231	438
39.281	448
39.331	474
39.382	488
39.432	505
39.482	523
39.532	522
39.582	544
39.633	548
39.684	539
39.734	547
39.784	532
39.834	525
39.884	514
39.935	488
39.985	480
40.035	462
40.085	438
40.135	427
40.185	415
40.236	398
40.286	394
40.336	388
40.386	391
40.436	396
40.486	400
40.538	416
40.588	431
40.638	444
40.688	465
40.738	475
40.789	502
40.839	516
40.889	520
40.939	541
40.989	530
41.039	550
41.090	548
41.140	531
41.190	534
41.240	519
41.290	496
41.340	488
41.391	465
41.442	450
41.492	435
41.542	415
41.592	407
41.643	398
41.693	388
41.743	390
41.793	399
41.843	396
41.893	410
41.944	418
41.994	440
42.044	457
42.094	469
42.144	494
42.194	500
42.245	524
42.295	535
42.346	532
42.396	548
42.446	546
42.497	537
42.547	538
42.597	514
42.647	512
42.697	496
42.747	471
42.798	461
42.848	443
42.898	423
42.948	413
42.998	399
43.048	393
43.099	391
43.149	388
43.200	396
43.250	406
43.300	414
43.351	433
43.401	442
43.451	468
43.501	484
43.551	492
43.601	518
43.652	527
43.702	533
43.752	546
43.802	532
43.852	546
43.903	540
43.953	519
44.003	519
44.053	501
44.104	481
44.154	469
44.205	444
44.255	434
44.305	420
44.355	404
44.405	398
44.455	394
44.506	388
44.556	395
44.606	399
44.656	412
44.706	426
44.757	434
44.807	459
44.857	475
44.907	489
44.957	510
45.008	510
45.059	535
45.109	542
45.159	535
45.209	547
45.259	538
45.309	529
45.360	524
45.410	497
45.460	494
45.510	477
45.560	453
45.611	442
45.661	427
45.711	409
45.761	403
45.811	394
45.861	393
45.913	394
45.963	396
46.013	408
46.063	421
46.113	430
46.164	452
46.214	458
46.264	486
46.314	502
46.364	506
46.414	530
46.465	533
46.515	542
46.565	546
46.615	530
46.665	538
46.715	527
46.766	507
46.817	501
46.867	481
46.917	464
46.967	451
47.018	427
47.068	420
47.118	408
47.168	396
47.218	395
47.268	396
47.319	393
47.369	404
47.419	410
47.469	428
47.519	444
47.569	454
47.620	478
47.670	490
47.721	508
47.771	523
47.821	521
47.872	541
47.922	544
47.972	536
48.022	541
48.072	520
48.122	521
48.173	509
48.223	484
48.273	476
48.323	459
48.373	437
48.423	427
48.474	418
48.524	398
48.574	397
48.625	390
48.675	396
48.726	401
48.776	405
48.826	422
48.876	437
48.926	451
48.976	470
49.027	478
49.077	503
49.127	515
49.177	521
49.227	538
49.277	526
49.328	546
49.378	542
49.428	524
49.478	527
49.529	513
49.580	493
49.630	484
49.680	459
49.730	448
49.780	434
49.830	414
49.881	408
49.931	401
49.981	392
50.031	395
50.081	394
50.132	404
50.182	416
50.232	423
50.282	445
50.332	460
50.382	474
50.434	495
50.484	498
50.534	523
50.584	533
50.634	528
50.684	545
50.735	541
50.785	534
50.835	532
50.885	509
50.935	507
50.986	491
51.036	467
51.086	458
51.136	441
51.186	422
51.236	414
51.287	400
51.338	397
51.388	395
51.438	393
51.488	401
51.538	411
51.589	419
51.639	437
51.689	444
51.739	469
51.789	486
51.840	494
51.890	516
51.940	524
51.990	532
52.040	543
52.090	530
52.141	542
52.191	535
52.242	517
52.292	515
52.342	496
52.392	479
52.443	467
52.493	444
52.543	434
52.593	420
52.643	405
52.694	401
52.744	398
52.794	392
52.844	399
52.894	402
52.944	416
52.995	429
53.045	439
53.096	461
53.146	475
53.196	490
53.247	510
53.297	509
53.347	533
53.397	539
53.447	533
53.497	543
53.548	532
53.598	528
53.648	520
53.698	497
53.748	492
53.798	475
53.849	452
53.899	443
53.949	428
54.000	412
54.050	406
54.101	396
54.151	397
54.201	399
54.251	400
54.301	412
54.351	423
54.402	434
54.452	454
54.502	461
54.552	486
54.602	500
54.652	508
54.703	527
54.753	527
54.803	539
54.853	542
54.904	526
54.955	535
55.005	524
55.055	504
55.105	500
