#Creator: pendulumdriveEventBuffer
#Creation time: Fri Apr  7 15:31:08 2017
#Time	Pos
#[s]	[au]
0.050	491
0.100	489
0.150	508
0.200	507
0.250	511
0.301	512
0.351	495
0.401	502
0.451	492
0.501	475
0.551	472
0.602	457
0.652	444
0.703	438
0.753	423
0.803	423
0.854	419
0.904	413
0.954	421
1.004	427
1.054	431
1.104	445
1.155	448
1.205	468
1.255	480
1.305	484
1.355	502
1.406	499
1.456	514
1.506	519
1.556	506
1.607	515
1.657	506
1.708	490
1.758	488
1.808	469
1.858	460
1.908	450
1.958	432
2.009	428
2.059	420
2.109	410
2.159	414
2.209	418
2.260	416
2.310	428
2.360	433
2.410	451
2.460	464
2.511	470
2.562	491
2.612	490
2.662	509
2.712	518
2.762	509
2.812	523
2.863	518
2.913	507
2.963	505
3.013	485
3.063	481
3.114	468
3.164	446
3.214	442
3.264	430
3.314	416
3.364	415
3.416	407
3.466	410
3.516	416
3.566	418
3.616	433
3.666	444
3.717	452
3.767	471
3.817	475
3.867	496
3.917	506
3.968	502
4.018	520
4.068	519
4.118	514
4.168	517
4.218	495
4.269	499
4.320	488
4.370	467
4.420	462
4.470	449
4.521	434
4.571	428
4.621	417
4.671	417
4.721	416
4.771	412
4.822	423
4.872	431
4.922	436
4.972	452
5.022	456
5.072	476
5.123	487
5.173	489
5.224	506
5.274	508
5.324	510
5.375	515
5.425	500
5.475	507
5.525	499
5.575	481
5.625	479
5.676	467
5.726	453
5.776	448
5.826	433
5.876	432
5.926	427
5.977	421
6.027	427
6.077	430
6.128	432
6.178	443
6.229	444
6.279	461
6.329	470
6.379	472
6.429	487
6.479	489
6.530	496
6.580	502
6.630	491
6.680	501
6.730	497
6.780	484
6.831	487
6.881	476
6.931	468
6.981	464
7.032	450
7.083	450
7.133	445
7.183	436
7.233	440
7.283	439
7.333	439
7.384	443
7.434	442
7.484	456
7.534	460
7.584	460
7.634	473
7.685	471
7.735	480
7.785	486
7.835	476
7.885	489
7.937	487
7.987	480
8.037	484
8.087	474
8.137	474
8.187	472
8.238	460
8.288	465
8.338	460
8.388	452
8.438	456
8.489	451
8.539	452
8.589	455
8.639	450
8.689	458
8.739	459
8.790	456
8.841	465
8.891	462
8.941	467
8.991	471
9.041	464
9.092	473
9.142	473
9.192	468
9.242	474
9.292	467
9.343	472
9.393	473
9.443	464
9.493	472
9.543	469
9.593	465
9.644	471
9.694	459
9.745	468
9.795	469
9.845	461
9.895	468
9.946	466
9.996	460
10.046	465
10.096	459
10.146	461
10.197	461
10.247	453
10.297	459
10.347	458
10.397	453
10.447	460
10.498	452
10.548	462
10.599	465
10.649	458
10.699	471
10.750	472
10.800	470
10.850	480
10.900	470
10.950	483
11.000	485
11.051	475
11.101	484
11.151	481
11.201	473
11.251	475
11.301	461
11.352	466
11.402	460
11.452	448
11.503	452
11.553	447
11.604	439
11.654	444
11.704	437
11.754	445
11.804	448
11.854	445
11.905	458
11.955	463
12.005	466
12.055	478
12.105	473
12.155	490
12.206	494
12.256	488
12.306	500
12.356	497
12.407	492
12.458	494
12.508	475
12.558	481
12.608	472
12.658	455
12.708	456
12.759	446
12.809	435
12.859	435
12.909	425
12.959	428
13.009	429
13.060	426
13.110	437
13.160	443
13.210	449
13.260	463
13.312	464
13.362	483
13.412	492
13.462	492
13.512	507
13.562	507
13.613	509
13.663	513
13.713	497
13.763	503
13.813	494
13.863	476
13.914	475
13.964	460
14.014	446
14.064	440
14.114	424
14.165	423
14.216	418
14.266	412
14.316	417
14.366	423
14.416	426
14.467	439
14.517	443
14.567	462
14.617	475
14.667	481
14.718	499
14.768	506
14.818	515
14.868	522
14.918	507
14.968	523
15.019	516
15.069	501
15.120	500
15.170	479
15.220	470
15.270	459
15.321	438
15.371	432
15.421	422
15.471	409
15.521	408
15.572	411
15.622	405
15.672	415
15.722	418
15.772	435
15.822	449
15.873	459
15.923	480
15.973	486
16.024	506
16.074	518
16.124	513
16.175	532
16.225	530
16.275	521
16.325	525
16.375	500
16.426	502
16.476	488
16.526	463
16.576	456
16.626	439
16.676	421
16.727	413
16.777	401
16.827	396
16.877	398
16.928	397
16.978	408
17.029	419
17.079	428
17.129	449
17.179	457
17.229	483
17.280	500
17.330	504
17.380	527
17.430	532
17.480	533
17.530	541
17.581	519
17.631	529
17.681	517
17.731	492
17.781	487
17.833	468
17.883	446
17.933	434
17.983	414
18.033	404
18.083	397
18.134	389
18.184	392
18.234	397
18.284	401
18.334	417
18.384	426
18.435	450
18.485	469
18.535	479
18.585	506
18.635	517
18.686	525
18.737	542
18.787	531
18.837	546
18.887	541
18.937	522
18.988	520
19.038	501
19.088	481
19.138	467
19.188	438
19.238	428
19.289	413
19.339	396
19.389	391
19.439	389
19.489	384
19.540	393
19.590	398
19.641	416
19.691	433
19.741	444
19.791	472
19.842	488
19.892	504
19.942	525
19.992	523
20.042	545
20.092	548
20.143	536
20.193	544
20.243	528
20.293	515
20.343	502
20.394	472
20.444	464
20.495	444
20.545	420
20.595	410
20.645	399
20.696	384
20.746	385
20.796	384
20.846	392
20.896	403
20.946	413
20.997	435
21.047	452
21.097	470
21.147	494
21.197	500
21.248	527
21.298	537
21.348	535
21.399	549
21.449	541
21.499	538
21.550	530
21.600	505
21.650	499
21.700	479
21.750	454
21.801	441
21.851	423
21.901	406
21.951	398
22.001	387
22.051	388
22.102	391
22.152	394
22.202	409
22.252	425
22.303	437
22.353	460
22.404	470
22.454	498
22.504	512
22.554	518
22.604	537
22.655	527
22.705	545
22.755	543
22.805	522
22.855	524
22.905	508
22.956	486
23.006	476
23.056	447
23.106	436
23.156	424
23.207	406
23.258	402
23.308	396
23.358	390
23.408	398
23.458	409
23.509	412
23.559	432
23.609	441
23.659	465
23.709	481
23.759	492
23.810	512
23.860	508
23.910	532
23.960	535
24.010	523
24.060	533
24.112	523
24.162	505
24.212	501
24.262	479
24.312	469
24.363	455
24.413	433
24.463	426
24.513	416
24.563	405
24.613	405
24.664	401
24.714	408
24.764	417
24.814	422
24.864	440
24.914	453
24.965	464
25.016	483
25.066	485
25.116	507
25.166	515
25.217	509
25.267	525
25.317	521
25.367	514
25.417	514
25.467	491
25.518	492
25.568	480
25.618	459
25.668	455
25.718	443
25.769	429
25.819	426
25.869	416
25.920	419
25.970	419
26.020	418
26.071	429
26.121	436
26.171	442
26.221	458
26.271	460
26.321	479
26.372	488
26.422	488
26.472	503
26.522	503
26.572	505
26.623	509
26.673	496
26.723	502
26.773	495
26.824	479
26.874	480
26.925	469
26.975	459
27.025	454
27.075	440
27.125	441
27.175	437
27.226	429
27.276	434
27.326	435
27.376	434
27.426	444
27.477	441
27.527	455
27.577	461
27.627	462
27.677	475
27.728	478
27.779	482
27.829	490
27.879	484
27.929	495
27.979	494
28.030	485
28.080	492
28.130	485
28.180	482
28.230	481
28.280	465
28.331	470
28.381	464
28.431	453
28.481	455
28.531	449
28.581	444
28.633	445
28.683	437
28.733	444
28.783	445
28.833	440
28.884	449
28.934	451
28.984	456
29.034	464
29.084	459
29.134	474
29.185	479
29.235	477
29.285	488
29.335	484
29.385	492
29.435	495
29.486	485
29.537	493
29.587	489
29.637	480
29.687	482
29.738	470
29.788	468
29.838	463
29.888	449
29.938	451
29.988	445
30.039	435
30.089	438
30.139	431
30.189	434
30.239	438
30.289	434
30.340	446
30.390	451
30.441	454
30.491	468
30.541	469
30.592	483
30.642	491
30.692	488
30.742	503
30.792	504
30.842	501
30.893	507
30.943	493
30.993	499
31.043	492
31.093	474
31.143	475
31.194	464
31.244	450
31.295	445
31.345	430
31.395	428
31.446	425
31.496	416
31.546	422
31.596	424
31.646	423
31.696	437
31.747	439
31.797	456
31.847	468
31.897	470
31.947	491
31.998	499
32.048	504
32.098	517
32.148	506
32.199	522
32.249	520
32.300	503
32.350	507
32.400	495
32.450	480
32.500	473
32.550	450
32.601	446
32.651	433
32.701	418
32.751	414
32.801	409
32.852	402
32.902	409
32.952	409
33.002	421
33.052	433
33.103	440
33.154	461
33.204	475
33.254	485
33.304	505
33.354	504
33.404	526
33.455	532
33.505	521
33.555	535
33.605	525
33.655	516
33.706	510
33.756	485
33.806	480
33.856	463
33.906	440
33.956	431
34.008	417
34.058	402
34.108	398
34.158	391
34.208	395
34.258	399
34.309	403
34.359	421
34.409	435
34.459	450
34.509	472
34.560	479
34.610	508
34.660	522
34.710	525
34.760	543
34.810	540
34.861	543
34.912	543
34.962	518
35.012	521
35.062	504
35.113	478
35.163	467
35.213	446
35.263	424
35.313	412
35.363	395
35.414	388
35.464	383
35.514	379
35.564	387
35.614	399
35.664	408
35.715	428
35.765	441
35.816	468
35.866	488
35.916	500
35.967	527
36.017	535
36.067	549
36.117	557
36.167	543
36.217	554
36.268	543
36.318	521
36.368	514
36.418	485
36.468	470
36.518	450
36.569	421
36.619	409
36.669	393
36.720	378
36.770	374
36.821	383
36.871	372
36.921	386
36.971	396
37.021	419
37.071	439
37.122	457
37.172	486
37.222	495
37.272	529
37.322	546
37.372	542
37.423	565
37.473	564
37.523	554
37.573	556
37.624	524
37.675	523
37.725	501
37.775	470
37.825	454
37.875	430
37.925	404
37.976	390
38.026	375
38.076	364
38.126	365
38.176	365
38.226	376
38.277	391
38.327	404
38.377	431
38.427	448
38.477	481
38.529	506
38.579	518
38.629	548
38.679	558
38.729	563
38.779	575
38.830	553
38.880	565
38.930	550
38.980	519
39.030	510
39.081	483
39.131	454
39.181	433
39.231	404
39.281	388
39.331	373
39.382	361
39.433	358
39.483	361
39.533	364
39.583	381
39.633	397
39.684	423
39.734	449
39.784	468
39.834	503
39.884	523
39.935	541
39.985	563
40.035	555
40.085	579
40.135	577
40.185	556
40.236	558
40.286	534
40.337	512
40.387	492
40.437	457
40.487	437
40.538	412
40.588	386
40.638	372
40.688	363
40.738	352
40.789	355
40.839	361
40.889	376
40.939	394
40.989	413
41.039	444
41.090	470
41.140	495
41.191	525
41.241	530
41.291	564
41.342	573
41.392	567
41.442	581
41.492	568
41.542	557
41.592	544
41.643	508
41.693	496
41.743	468
41.793	434
41.843	414
41.893	393
41.944	370
41.994	361
42.044	353
42.095	354
42.145	361
42.196	370
42.246	392
42.296	415
42.346	438
42.396	470
42.446	487
42.497	523
42.547	544
42.597	549
42.647	576
42.697	570
42.747	579
42.798	575
42.848	549
42.898	545
42.948	521
42.999	488
43.050	470
43.100	442
43.150	414
43.200	393
43.250	374
43.300	362
43.351	358
43.401	353
43.451	361
43.501	383
43.551	388
43.601	415
43.652	434
43.702	469
43.752	495
43.802	511
43.852	543
43.904	541
43.954	572
44.004	578
44.054	559
44.104	574
44.154	558
44.205	533
44.255	522
44.305	488
44.355	468
44.405	443
44.455	413
44.506	396
44.556	379
44.606	363
44.656	360
44.706	359
44.757	360
44.808	378
44.858	393
44.908	417
44.958	441
45.008	462
45.059	495
45.109	505
45.159	540
45.209	555
45.259	549
45.310	573
45.360	568
45.410	559
45.460	556
45.510	521
45.560	518
45.611	494
45.661	461
45.712	444
45.762	419
45.812	395
45.862	383
45.913	370
45.963	365
46.013	367
46.063	370
46.113	383
46.164	401
46.214	416
46.264	444
46.314	460
46.364	493
46.414	515
46.465	522
46.515	550
46.565	554
46.616	558
46.666	564
46.716	544
46.767	548
46.817	531
46.867	502
46.917	491
46.967	467
47.018	441
47.068	423
47.118	401
47.168	391
47.218	382
47.268	373
47.319	377
47.369	383
47.419	390
47.469	409
47.520	422
47.570	448
47.621	469
47.671	482
47.721	511
47.771	522
47.821	535
47.872	548
47.922	537
47.972	552
48.022	545
48.072	526
48.122	522
48.173	501
48.223	483
48.273	468
48.323	441
48.373	430
48.425	415
48.475	400
48.525	395
48.575	392
48.625	388
48.675	397
48.726	401
48.776	419
48.826	434
48.876	445
48.926	468
48.976	482
49.027	498
49.077	514
49.127	512
49.177	532
49.227	535
49.278	525
49.329	532
49.379	519
49.429	510
49.479	501
49.529	478
49.580	472
49.630	456
49.680	437
49.730	431
49.780	423
49.830	410
49.881	409
49.931	404
49.981	411
50.031	418
50.081	421
50.132	436
50.182	447
50.233	458
50.283	474
50.333	476
50.383	497
50.434	505
50.484	505
50.534	518
50.584	508
50.634	517
50.684	515
50.735	499
50.785	502
50.835	491
50.885	474
50.935	471
50.986	455
51.036	448
51.087	441
51.137	426
51.187	427
51.237	423
51.288	418
51.338	425
51.388	429
51.438	430
51.488	441
51.538	442
51.589	459
51.639	468
51.689	471
51.739	487
51.789	486
51.840	501
51.890	506
51.940	500
51.991	511
52.041	507
52.091	500
52.142	501
52.192	485
52.242	486
52.292	478
52.342	461
52.393	459
52.443	449
52.493	437
52.543	435
52.593	423
52.643	425
52.694	425
52.744	422
52.794	429
52.844	433
52.895	436
52.945	450
52.996	449
53.046	468
53.096	479
53.146	479
53.196	497
53.247	502
53.297	504
53.347	514
53.397	505
53.447	514
53.497	511
53.548	496
53.598	497
53.648	485
53.698	472
53.748	465
53.799	446
53.850	443
53.900	433
53.950	419
54.000	418
54.050	415
54.101	410
54.151	417
54.201	417
54.251	430
54.301	440
54.351	445
54.402	465
54.452	476
54.502	487
54.552	503
54.602	503
54.652	522
54.704	526
54.754	516
54.804	528
54.854	519
54.904	511
54.955	505
55.005	480
55.055	477
55.105	462
55.155	440
55.205	433
55.256	420
55.306	406
55.356	403
55.406	396
55.456	401
55.506	406
55.557	409
55.608	425
55.658	439
55.708	451
55.758	472
55.809	477
55.859	505
55.909	518
55.959	518
56.009	538
56.059	533
56.110	539
56.160	538
56.210	517
56.260	518
56.310	503
56.361	478
56.411	468
56.461	447
56.512	428
56.562	417
56.612	400
56.663	394
56.713	389
56.763	384
56.813	392
56.863	405
56.913	409
56.964	428
57.014	440
57.064	467
57.114	485
57.164	498
57.215	522
57.265	519
57.315	545
57.365	552
57.416	538
57.466	549
57.517	539
57.567	519
57.617	513
57.667	483
57.717	472
57.767	452
57.818	426
57.868	413
57.918	399
57.968	384
58.018	380
58.069	383
58.119	378
58.169	390
58.219	398
58.269	421
58.320	440
58.371	456
58.421	485
58.471	494
58.521	525
58.571	540
58.622	538
58.672	559
58.722	556
58.772	548
58.822	549
58.872	521
58.923	518
58.973	497
59.023	467
59.073	453
59.123	431
59.173	406
59.225	394
59.275	379
59.325	372
59.375	372
59.425	373
59.476	384
59.526	399
59.576	412
59.626	438
59.676	452
59.726	484
59.777	506
59.827	516
59.877	543
59.927	550
59.977	554
60.027	565
60.078	546
60.129	553
60.179	538
60.229	510
60.279	500
60.330	475
60.380	448
60.430	430
60.480	405
60.530	393
60.580	380
60.631	370
60.681	370
60.731	375
60.781	380
60.831	398
60.881	411
60.932	437
60.982	460
61.033	475
61.083	507
61.133	523
61.184	536
61.234	554
61.284	541
61.334	563
61.384	559
61.434	537
61.485	537
61.535	514
61.585	493
61.635	476
61.685	446
61.735	431
61.786	412
61.836	392
61.887	385
61.937	379
61.987	373
62.038	380
62.088	387
62.138	403
62.188	421
62.238	436
62.288	463
62.339	481
62.389	500
62.439	522
62.489	521
62.539	546
62.590	551
62.640	539
62.690	550
62.740	534
62.791	524
62.841	512
62.892	483
62.942	474
62.992	454
63.042	430
63.092	419
63.142	407
63.193	392
63.243	391
63.293	387
63.343	393
63.393	402
63.444	409
63.494	429
63.544	444
63.594	461
63.644	481
63.695	488
63.746	513
63.796	523
63.846	522
63.896	537
63.946	530
63.996	533
64.047	528
64.097	504
64.147	504
64.197	488
64.247	468
64.298	459
64.348	443
64.398	428
64.448	420
64.498	408
64.548	408
64.600	407
64.650	405
64.700	415
64.750	426
64.800	432
64.850	447
64.901	454
64.951	474
65.001	485
65.051	490
65.101	507
65.152	501
65.202	518
65.252	521
65.302	509
65.352	517
65.402	509
65.453	495
65.504	492
65.554	475
65.604	469
65.654	459
65.705	442
65.755	438
65.805	431
65.855	421
65.905	422
65.955	415
66.006	420
66.056	426
66.106	425
66.156	439
66.206	448
66.256	453
66.307	469
66.357	470
66.408	488
66.458	497
66.508	495
66.559	511
66.609	512
66.659	507
66.709	514
66.759	499
66.809	505
66.860	497
66.910	478
66.960	478
67.010	465
67.060	451
67.110	446
67.161	430
67.211	428
67.261	422
67.312	413
67.362	417
67.413	419
67.463	419
67.513	430
67.563	433
67.613	450
67.663	463
67.714	466
67.764	487
67.814	496
67.864	503
67.914	517
67.964	510
68.015	525
68.065	524
68.115	510
68.165	516
68.216	503
68.267	490
68.317	483
68.367	461
68.417	454
68.467	440
68.517	422
68.568	417
68.618	410
68.668	400
68.718	403
68.768	401
68.818	411
68.869	421
68.919	427
68.969	448
69.019	461
69.069	475
69.121	496
69.171	497
69.221	522
69.271	531
69.321	526
69.371	541
69.422	533
69.472	530
69.522	525
69.572	499
69.622	498
69.673	480
69.723	456
69.773	445
69.823	427
69.873	409
69.923	402
69.974	389
70.025	388
70.075	389
70.125	390
70.175	403
70.225	415
70.276	428
70.326	451
70.376	460
70.426	490
70.476	507
70.527	516
70.577	538
70.627	541
70.677	551
70.727	554
70.777	532
70.828	542
70.878	527
70.929	504
70.979	494
71.029	470
71.079	448
71.130	431
71.180	408
71.230	397
71.280	386
71.330	374
71.381	375
71.431	389
71.481	384
71.531	400
71.581	412
71.631	437
71.682	459
71.732	476
71.783	504
71.833	509
71.883	540
71.934	553
71.984	547
72.034	565
72.084	561
72.134	545
72.184	543
72.235	510
72.285	505
72.335	484
72.385	451
72.435	436
72.485	414
72.536	392
72.586	380
72.636	383
72.687	360
72.737	367
72.788	371
72.838	386
72.888	404
72.938	419
72.988	449
73.038	467
73.089	498
73.139	521
73.189	527
73.239	557
73.289	564
73.339	563
73.390	574
73.440	552
73.490	557
73.540	539
73.591	506
73.642	494
73.692	468
73.742	437
73.792	417
73.842	392
73.892	376
73.943	366
73.993	357
74.043	356
74.093	364
74.143	370
74.193	391
74.244	408
74.294	437
74.344	465
74.394	484
74.444	518
74.496	537
74.546	552
74.596	572
74.646	562
74.696	583
74.746	577
74.797	554
74.847	552
74.897	527
74.947	500
74.997	478
75.047	442
75.098	423
75.148	398
75.198	375
75.248	362
75.298	356
75.349	346
75.400	352
75.450	362
75.500	379
75.550	401
75.600	422
75.651	456
75.701	482
75.751	508
75.801	538
75.851	544
75.902	575
75.952	583
76.002	573
76.052	587
76.102	569
76.152	558
76.203	541
76.253	502
76.304	487
76.354	457
76.404	422
76.454	401
76.505	381
76.555	357
76.605	350
76.655	346
76.705	346
76.756	356
76.806	368
76.856	392
76.906	418
76.956	444
77.006	478
77.057	494
77.107	534
77.157	554
77.208	560
77.258	585
77.308	580
77.359	588
77.409	583
77.459	553
77.509	548
77.559	522
77.610	487
77.660	464
77.710	437
77.760	402
77.810	382
77.860	363
77.911	350
77.961	346
78.011	343
78.061	351
78.112	379
78.162	384
78.213	411
78.263	434
78.313	472
78.363	500
78.413	518
78.464	553
78.514	552
78.564	585
78.614	589
78.664	571
78.714	585
78.765	568
78.815	540
78.865	527
78.915	487
78.965	466
79.017	439
79.067	405
79.117	386
79.167	367
79.217	352
79.267	346
79.318	351
79.368	348
79.418	366
79.468	382
79.518	410
79.568	437
79.619	464
79.669	498
79.719	511
79.769	549
79.819	567
79.870	563
79.921	587
79.971	584
80.021	571
80.071	570
80.121	534
80.172	527
80.222	499
80.272	461
80.322	442
80.372	414
80.422	386
80.473	371
80.523	358
80.573	350
80.623	351
80.673	356
80.724	368
80.774	388
80.825	406
80.875	438
80.925	459
80.975	495
81.026	521
81.076	532
81.126	562
81.176	569
81.226	573
81.276	581
81.327	561
81.377	564
81.427	546
81.477	513
81.527	499
81.578	470
81.628	439
81.679	418
81.729	393
81.779	379
81.829	368
81.880	360
81.930	360
81.980	367
82.030	374
82.080	395
82.130	412
82.181	440
82.231	466
82.281	481
82.331	514
82.381	530
82.432	545
82.482	560
82.532	550
82.583	567
82.633	562
82.683	539
82.734	537
82.784	514
82.834	492
82.884	474
82.934	442
82.985	429
83.035	410
83.085	392
83.135	385
83.185	381
83.235	374
83.286	382
83.336	388
83.386	405
83.436	422
83.487	434
83.537	462
83.588	478
83.638	496
83.688	517
83.738	517
83.788	540
83.839	545
83.889	539
83.939	546
83.989	532
84.039	525
84.089	514
84.140	490
84.190	482
84.240	464
84.290	442
84.340	432
84.391	419
84.442	404
84.492	400
84.542	393
84.592	397
84.642	402
84.693	406
84.743	421
84.793	433
84.843	445
84.893	465
84.943	471
84.994	495
85.044	507
85.094	509
85.144	528
85.194	520
85.244	535
85.296	533
85.346	515
85.396	521
85.446	509
85.496	491
85.547	483
85.597	463
85.647	450
85.697	438
85.747	419
85.797	414
85.848	406
85.898	397
85.948	400
85.998	407
86.048	405
86.098	418
86.149	423
86.200	444
86.250	459
86.300	469
86.350	492
86.401	495
86.451	517
86.501	528
86.551	523
86.601	540
86.651	537
86.702	527
86.752	528
86.802	506
86.852	504
86.902	488
86.953	463
87.003	454
87.053	436
87.104	417
87.154	408
87.204	395
87.255	390
87.305	390
87.355	389
87.405	399
87.455	410
87.505	418
87.556	440
87.606	449
87.656	476
87.706	495
87.756	502
87.807	528
87.857	537
87.907	541
87.957	553
88.008	535
88.058	547
88.109	538
88.159	512
88.209	508
88.259	487
88.309	463
88.359	448
88.410	422
88.460	409
88.510	395
88.560	381
88.610	378
88.661	378
88.711	377
88.761	389
88.811	398
88.861	420
88.912	439
88.963	455
89.013	484
89.063	503
89.113	520
89.163	543
89.214	539
89.264	563
89.314	565
89.364	552
89.414	557
89.464	539
89.515	522
89.565	507
89.615	472
89.665	460
89.715	437
89.765	411
89.817	395
89.867	381
89.917	365
89.967	364
90.017	363
90.068	371
90.118	383
90.168	395
90.218	422
90.268	444
90.318	467
90.369	496
90.419	509
90.469	541
90.519	556
90.569	558
90.619	577
90.670	568
90.721	570
90.771	562
90.821	531
90.871	525
90.922	500
90.972	467
91.022	448
91.072	423
91.122	394
91.172	380
91.223	364
91.273	356
91.323	355
91.373	354
91.423	367
91.473	390
91.524	400
91.574	429
91.625	451
91.675	485
91.725	511
91.776	527
91.826	557
91.876	564
91.926	582
91.976	586
92.026	564
92.077	576
92.127	558
92.177	531
92.227	516
92.277	481
92.327	458
92.378	431
92.428	402
92.479	382
92.529	367
92.579	352
92.630	348
92.680	363
92.730	352
92.780	372
92.830	388
92.880	417
92.931	446
92.981	470
93.031	505
93.081	516
93.131	554
93.182	572
93.232	565
93.282	590
93.332	586
93.383	573
93.433	569
93.484	531
93.534	524
93.584	498
93.634	460
93.684	437
93.734	410
93.785	381
93.835	366
93.885	355
93.935	341
93.985	345
94.036	351
94.086	365
94.136	385
94.186	405
94.236	439
94.287	463
94.338	498
94.388	526
94.438	536
94.488	570
94.538	578
94.588	579
94.639	590
94.689	567
94.739	573
94.789	553
94.839	517
94.890	502
94.940	470
94.990	436
95.040	413
95.090	386
95.140	368
95.192	356
95.242	347
95.292	347
95.342	355
95.392	361
95.442	384
95.493	403
95.543	436
95.593	465
95.643	486
95.693	522
95.744	541
95.794	558
95.844	578
95.894	565
95.944	586
95.994	580
96.045	554
96.096	551
96.146	524
96.196	496
96.246	473
96.297	437
96.347	416
96.397	393
96.447	370
96.497	360
96.547	355
96.598	348
96.648	357
96.698	368
96.748	387
96.798	410
96.848	430
96.899	465
96.949	490
97.000	513
97.050	541
97.100	544
97.151	572
97.201	577
97.251	565
97.301	575
97.351	557
97.401	543
97.452	524
97.502	488
97.552	473
97.602	446
97.652	415
97.702	398
97.753	383
97.803	365
97.853	362
97.904	360
97.954	366
98.005	377
98.055	390
98.105	415
98.155	438
98.205	461
98.255	490
98.306	502
98.356	534
98.406	548
98.456	550
98.506	567
98.556	560
98.607	562
98.657	553
98.707	524
98.757	518
98.808	495
98.859	466
98.909	450
98.959	429
99.009	404
99.059	393
99.109	380
99.160	376
99.210	376
99.260	377
99.310	390
99.360	409
99.410	420
99.461	443
99.511	457
99.561	486
99.611	504
99.661	514
99.713	535
99.763	527
99.813	551
99.863	551
99.913	533
99.963	539
100.014	525
100.064	503
100.114	494
100.164	469
100.214	454
100.265	438
100.315	418
100.365	411
100.415	401
100.465	391
100.515	394
100.566	395
100.617	401
100.667	415
100.717	422
100.767	443
100.817	459
100.868	470
100.918	492
100.968	496
101.018	517
101.068	526
101.119	520
101.169	534
101.219	530
101.269	520
101.319	520
101.369	496
101.420	496
101.470	482
101.521	460
101.571	455
101.621	441
101.671	425
101.722	421
101.772	410
101.822	409
101.872	410
101.922	408
101.973	419
102.023	427
102.073	432
102.123	449
102.173	453
102.223	474
102.274	486
102.324	487
102.375	506
102.425	511
102.475	512
102.526	522
102.576	508
102.626	519
102.676	513
102.726	496
102.776	496
102.827	483
102.877	469
102.927	462
102.977	444
103.027	440
103.077	431
103.128	419
103.178	419
103.228	417
103.279	413
103.329	420
103.380	421
103.430	433
103.480	443
103.530	447
103.580	466
103.630	475
103.681	483
103.731	499
103.781	498
103.831	515
103.881	519
103.931	510
103.982	522
104.032	514
104.082	507
104.132	504
104.183	482
104.234	482
104.284	469
104.334	450
104.384	444
104.434	432
104.484	419
104.535	416
104.585	408
104.635	410
104.685	411
104.735	410
104.785	423
104.836	433
104.886	442
104.936	459
104.986	465
105.036	486
105.088	499
105.138	503
105.188	522
105.238	522
105.288	530
105.338	532
105.389	517
105.439	523
105.489	512
105.539	492
105.589	488
105.639	469
105.690	453
105.740	441
105.790	421
105.840	414
105.890	405
105.941	396
105.992	396
106.042	403
106.092	400
106.142	413
106.192	418
106.243	440
106.293	457
106.343	467
106.393	491
106.443	497
106.494	521
106.544	533
106.594	527
106.644	546
106.694	543
106.744	531
106.795	534
106.845	507
106.896	506
106.946	490
106.996	461
107.046	452
107.097	432
107.147	411
107.197	402
107.247	397
107.297	378
107.348	383
107.398	383
107.448	393
107.498	406
107.548	416
107.598	439
107.649	451
107.699	480
107.749	500
107.800	508
107.850	535
107.900	544
107.951	547
108.001	559
108.051	540
108.101	552
108.151	540
108.202	513
108.252	507
108.302	483
108.352	457
108.402	441
108.452	414
108.503	400
108.553	387
108.603	374
108.653	371
108.704	373
108.754	373
108.805	388
108.855	400
108.905	422
108.955	445
109.005	460
109.056	493
109.106	512
109.156	528
109.206	550
109.256	545
109.306	569
109.357	569
109.407	551
109.457	557
109.507	537
109.557	517
109.609	499
109.659	467
109.709	451
109.759	426
109.809	400
109.859	386
109.910	374
109.960	360
110.010	360
110.060	363
110.110	372
110.160	388
110.211	402
110.261	430
110.311	455
110.361	478
110.411	508
110.462	518
110.513	551
110.563	564
110.613	562
110.663	580
110.713	570
110.764	564
110.814	556
110.864	522
110.914	513
110.964	487
111.014	454
111.065	433
111.115	408
111.165	384
111.215	369
111.265	357
111.316	352
111.366	354
111.417	359
111.467	375
111.517	395
111.567	416
111.618	446
111.668	465
111.718	503
111.768	527
111.818	538
111.868	568
111.919	570
111.969	582
112.019	585
112.069	556
112.119	566
112.170	545
112.220	512
112.271	497
112.321	466
112.371	434
112.421	411
112.472	384
112.522	368
112.572	356
112.622	347
112.672	347
112.722	359
112.773	361
112.823	386
112.873	405
112.923	437
112.973	467
113.024	487
113.074	524
113.124	539
113.175	566
113.225	580
113.275	567
113.326	589
113.376	581
113.426	561
113.476	554
113.526	517
113.577	502
113.627	474
113.677	438
113.727	416
113.777	391
113.827	368
113.878	356
113.928	363
113.978	340
114.028	350
114.079	360
114.129	380
114.180	403
114.230	426
114.280	461
114.330	479
114.380	518
114.431	544
114.481	549
114.531	579
114.581	583
114.631	578
114.681	586
114.732	556
114.782	559
114.832	535
114.882	496
114.932	479
114.983	448
115.034	416
115.084	395
115.134	375
115.184	354
115.234	349
115.285	346
115.335	350
115.385	362
115.435	375
115.485	401
115.535	423
115.586	457
115.636	487
115.686	505
115.736	540
115.786	556
115.836	566
115.888	584
115.938	567
115.988	585
116.038	573
116.088	544
116.139	535
116.189	506
116.239	475
116.289	451
116.339	417
116.389	398
116.440	378
116.490	361
116.540	354
116.590	354
116.640	352
116.690	365
116.741	379
116.792	403
116.842	429
116.892	452
116.942	486
116.993	509
117.043	531
117.093	557
117.143	554
117.193	578
117.243	579
117.294	561
117.344	568
117.394	547
117.444	525
117.494	506
117.545	472
117.595	454
117.645	427
117.696	400
117.746	384
117.796	373
117.847	356
117.897	359
117.947	362
117.997	372
118.047	389
118.097	404
118.148	432
118.198	456
118.248	480
118.298	509
118.348	516
118.399	547
118.449	558
118.499	555
118.549	570
118.600	559
118.650	554
118.701	543
118.751	513
118.801	503
118.851	480
118.901	450
118.951	433
119.002	414
119.052	393
119.102	385
119.152	375
119.202	374
119.253	378
119.303	384
119.353	399
119.403	420
119.453	432
119.504	457
119.555	471
119.605	499
119.655	516
119.705	522
119.755	542
119.806	531
119.856	551
119.906	550
119.956	530
120.006	532
120.056	516
120.107	492
120.157	483
120.207	460
120.257	444
120.307	429
120.357	411
120.409	404
120.459	397
120.509	390
120.559	395
120.609	405
120.660	406
120.710	422
120.760	429
120.810	452
120.860	467
120.910	479
120.961	499
121.011	500
121.061	521
121.111	529
121.161	517
121.211	534
121.262	529
121.313	516
121.363	515
121.413	494
121.463	490
121.514	477
121.564	455
121.614	449
121.664	436
121.714	419
121.764	417
121.815	407
121.865	406
121.915	409
121.965	408
122.015	420
122.065	429
122.116	435
122.166	452
122.217	454
122.267	478
122.317	491
122.368	491
122.418	512
122.468	517
122.518	518
122.568	527
122.618	514
122.669	521
122.719	514
122.769	495
122.819	495
122.869	480
122.919	463
122.970	456
123.020	436
123.071	430
123.121	422
123.171	408
123.222	410
123.272	409
123.322	406
123.372	415
123.422	418
123.472	433
123.523	445
123.573	450
123.623	473
123.673	485
123.723	494
123.774	512
123.824	508
123.874	529
123.924	532
123.975	522
124.025	531
124.076	520
124.126	510
124.176	503
124.226	477
124.276	474
124.326	458
124.377	435
124.427	428
124.477	415
124.527	402
124.577	399
124.628	393
124.678	398
124.728	403
124.778	408
124.828	425
124.879	439
124.930	452
124.980	473
125.030	480
125.080	507
125.130	520
125.180	521
125.231	542
125.281	540
125.331	542
125.381	543
125.431	518
125.482	523
125.532	507
125.582	481
125.632	472
125.682	450
125.732	430
125.784	416
125.834	398
125.884	391
125.934	385
125.984	378
126.034	385
126.085	394
126.135	401
126.185	420
126.235	431
126.285	459
126.336	479
126.386	492
126.436	519
126.486	527
126.536	546
126.586	556
126.637	543
126.688	559
126.738	550
126.788	531
126.838	525
126.889	503
126.939	483
126.989	464
127.039	434
127.089	419
127.139	401
127.190	384
127.240	376
127.290	383
127.340	368
127.390	376
127.440	384
127.491	403
127.541	423
127.592	438
127.642	468
127.692	484
127.743	513
127.793	535
127.843	536
127.893	562
127.943	566
127.993	557
128.044	566
128.094	532
128.144	539
128.194	520
128.244	486
128.294	473
128.345	448
128.395	419
128.445	402
128.496	383
128.546	368
128.597	363
128.647	358
128.697	364
128.747	375
128.797	386
128.847	410
128.898	427
128.948	457
128.998	485
129.048	498
129.098	533
129.148	548
129.199	557
129.249	575
129.299	555
129.349	575
129.400	566
129.451	536
129.501	531
129.551	505
129.601	476
129.651	456
129.701	423
129.752	404
129.802	383
129.852	367
129.902	358
129.952	356
130.002	352
130.053	364
130.103	378
130.153	399
130.203	424
130.253	445
130.305	480
130.355	505
130.405	526
130.455	553
130.505	550
130.555	578
130.606	582
130.656	562
130.706	573
130.756	554
130.806	534
130.857	516
130.907	480
130.957	462
131.007	433
131.057	402
131.107	385
131.158	371
131.209	352
131.259	351
131.309	351
131.359	359
131.409	374
131.460	390
131.510	418
131.560	445
131.610	471
131.660	504
131.711	515
131.761	551
131.811	566
131.861	564
131.911	584
131.961	574
132.012	573
132.062	563
132.113	526
132.163	519
132.213	492
132.263	456
132.314	435
132.364	409
132.414	384
132.464	368
132.514	356
132.565	350
132.615	351
132.665	356
132.715	372
132.765	393
132.815	412
132.866	443
132.916	464
132.967	501
133.017	526
133.067	535
133.118	566
133.168	568
133.218	579
133.268	582
133.318	559
133.368	562
133.419	542
133.469	509
133.519	494
133.569	463
133.619	434
133.669	412
133.720	386
133.770	372
133.820	362
133.871	352
133.921	355
133.972	366
134.022	370
134.072	394
134.122	412
134.172	444
134.222	471
134.273	489
134.323	523
134.373	524
134.423	558
134.473	570
134.523	558
134.574	575
134.624	566
134.674	546
134.724	538
134.775	505
134.826	491
134.876	467
134.926	434
134.976	418
135.026	398
135.076	379
135.127	372
135.177	377
135.227	362
135.277	373
135.327	384
135.377	402
135.428	423
135.478	440
135.528	470
135.578	483
135.628	515
135.680	533
135.730	535
135.780	557
135.830	558
135.880	551
135.930	555
135.981	528
136.031	528
136.081	510
136.131	481
136.181	468
136.231	446
136.282	422
136.332	410
136.382	394
136.432	386
136.482	383
136.533	380
136.584	388
136.634	399
136.684	408
136.734	429
136.784	440
136.835	466
136.885	484
136.935	491
136.985	517
137.035	525
137.086	531
137.136	542
137.186	530
137.236	540
137.286	531
137.336	510
137.387	507
137.437	489
137.488	470
137.538	459
137.588	437
137.638	429
137.689	417
137.739	404
137.789	403
137.839	403
137.889	400
137.940	409
137.990	412
138.040	428
138.090	443
138.140	450
138.190	471
138.241	482
138.291	492
138.341	509
138.392	506
138.442	524
138.492	528
138.543	517
138.593	526
138.643	515
138.693	507
138.743	500
138.794	478
138.844	475
138.894	462
138.944	444
138.994	437
139.044	427
139.095	414
139.145	413
139.195	405
139.245	411
139.296	414
139.346	414
139.397	429
139.447	438
139.497	448
139.547	464
139.597	468
139.648	490
139.698	500
139.748	501
139.798	519
139.848	518
139.898	524
139.949	526
139.999	509
140.049	516
140.099	506
140.149	488
140.201	483
140.251	467
140.301	452
140.351	442
140.401	425
140.451	420
140.502	412
140.552	403
140.602	405
140.652	411
140.702	408
140.752	419
140.803	424
140.853	443
140.903	456
140.953	463
141.003	486
141.054	491
141.105	511
141.155	524
141.205	517
141.255	536
141.305	534
141.356	522
141.406	527
141.456	504
141.506	503
141.556	489
141.606	465
141.657	457
141.707	441
141.757	420
141.807	413
141.857	407
141.908	390
141.958	393
142.009	391
142.059	399
142.109	409
142.159	416
142.210	436
142.260	450
142.310	470
142.360	490
142.410	495
142.460	522
142.511	532
142.561	534
142.611	549
142.661	532
142.711	547
142.762	537
142.812	512
142.863	510
142.913	491
142.963	465
143.013	453
143.064	431
143.114	413
143.164	401
143.214	386
143.264	382
143.314	380
143.365	378
143.415	388
143.465	397
143.515	416
143.565	435
143.616	448
143.666	477
143.716	497
143.767	510
143.817	534
143.867	532
143.918	557
143.968	560
144.018	544
144.068	554
144.118	539
144.169	519
144.219	509
144.269	474
144.319	464
144.369	441
144.419	415
144.470	401
144.520	386
144.570	370
144.620	369
144.671	367
144.721	372
144.772	384
144.822	394
144.872	418
144.922	440
144.972	460
145.023	490
145.073	500
145.123	533
145.173	549
145.223	548
145.273	570
145.324	566
145.374	561
145.424	559
145.474	527
145.524	524
145.575	501
145.626	469
145.676	451
145.726	425
145.776	400
145.826	384
145.877	368
145.927	360
145.977	359
146.027	358
146.077	369
146.127	383
146.178	400
146.228	427
146.278	445
146.328	480
146.378	505
146.428	519
146.480	550
146.530	558
146.580	571
146.630	580
146.680	561
146.731	571
146.781	556
146.831	526
146.881	515
146.931	485
146.981	457
147.032	433
147.082	403
147.132	384
147.182	368
147.232	353
147.282	349
147.333	353
147.384	352
147.434	369
147.484	385
147.534	412
147.585	439
147.635	462
147.685	498
147.735	518
147.785	546
147.835	567
147.886	561
147.936	588
147.986	585
148.036	571
148.086	572
148.137	534
148.187	527
148.237	502
148.288	463
148.338	443
148.388	414
148.439	384
148.489	368
148.539	365
148.589	338
148.639	341
148.689	345
148.740	355
148.790	375
148.840	394
148.890	425
148.940	447
148.991	485
149.041	516
149.091	529
149.141	565
149.192	578
149.242	582
149.293	595
149.343	566
149.393	585
149.443	565
149.493	526
149.543	516
149.594	484
149.644	449
149.694	425
149.744	393
149.794	369
149.845	354
149.895	343
149.945	337
149.995	339
150.045	344
150.096	362
150.147	381
150.197	411
150.247	443
150.297	465
150.347	506
150.398	531
150.448	552
150.498	580
150.548	573
150.598	597
150.648	597
150.699	577
150.749	578
150.799	551
150.849	522
150.899	499
150.949	459
151.001	436
151.051	405
151.101	376
151.151	356
151.201	344
151.252	330
151.302	332
151.352	338
151.402	351
151.452	373
151.502	397
151.553	430
151.603	460
151.653	490
151.703	525
151.753	537
151.803	577
151.854	591
151.905	584
151.955	603
152.005	592
152.055	580
152.106	568
152.156	526
152.206	511
152.256	481
152.306	441
152.356	416
152.407	388
152.457	358
152.507	344
152.557	334
152.607	329
152.657	333
152.708	342
152.758	361
152.809	388
152.859	414
152.909	450
152.960	471
153.010	516
153.060	543
153.110	557
153.160	589
153.210	592
153.261	601
153.311	604
153.361	575
153.411	578
153.461	552
153.511	514
153.562	493
153.612	456
153.663	422
153.713	396
153.763	367
153.814	347
153.864	335
153.914	327
153.964	327
154.014	341
154.064	346
154.115	375
154.165	402
154.215	437
154.265	471
154.315	496
154.366	535
154.416	553
154.466	585
154.516	600
154.567	585
154.617	607
154.668	599
154.718	573
154.768	564
154.818	526
154.868	502
154.918	471
154.969	431
155.019	404
155.069	377
155.119	350
155.169	335
155.220	343
155.270	320
155.320	330
155.370	344
155.420	364
155.471	394
155.522	421
155.572	459
155.622	486
155.672	525
155.722	555
155.772	562
155.823	598
155.873	604
155.923	595
155.973	606
156.023	569
156.074	575
156.124	547
156.174	504
156.224	483
156.274	448
156.324	409
156.376	384
156.426	367
156.476	330
156.526	327
156.576	324
156.626	325
156.677	338
156.727	352
156.777	384
156.827	411
156.877	448
156.928	483
156.978	505
157.028	547
157.078	569
157.128	585
157.178	607
157.229	588
157.280	611
157.330	599
157.380	563
157.430	557
157.481	522
157.531	487
157.581	460
157.631	419
157.681	392
157.731	365
157.782	341
157.832	328
157.882	325
157.932	320
157.982	331
158.032	349
158.083	372
158.133	405
158.184	431
158.234	472
158.284	504
158.335	531
158.385	567
158.435	570
158.485	604
158.535	610
158.585	594
158.636	605
158.686	584
158.736	560
158.786	535
158.836	491
158.886	470
158.937	435
158.987	397
159.037	373
159.088	351
159.138	328
159.189	323
159.239	325
159.289	327
159.339	342
159.389	362
159.439	396
159.490	427
159.540	457
159.590	497
159.640	514
159.690	559
159.740	582
159.791	585
159.841	610
159.891	600
159.941	601
159.992	593
160.043	553
160.093	544
160.143	511
160.193	472
160.243	444
160.293	411
160.344	376
160.394	355
160.444	338
160.494	325
160.544	324
160.594	326
160.645	338
160.695	363
160.745	384
160.795	420
160.845	445
160.897	488
160.947	519
160.997	537
161.047	577
161.097	584
161.147	603
161.198	608
161.248	584
161.298	595
161.348	573
161.398	537
161.449	519
161.499	485
161.549	450
161.599	419
161.649	386
161.699	363
161.750	344
161.801	330
161.851	327
161.901	339
161.951	336
162.001	358
162.052	381
162.102	415
162.152	446
162.202	474
162.252	513
162.303	525
162.353	567
162.403	587
162.453	579
162.503	602
162.553	597
162.604	579
162.654	574
162.705	533
162.755	519
162.805	490
162.855	450
162.906	425
162.956	396
163.006	368
163.056	352
163.106	351
163.157	328
163.207	337
163.257	346
163.307	362
163.357	386
163.407	412
163.458	445
163.508	471
163.559	507
163.609	535
163.659	544
163.710	578
163.760	585
163.810	583
163.860	591
163.910	560
163.960	569
164.011	545
164.061	508
164.111	491
164.161	460
164.211	424
164.261	404
164.312	379
164.362	360
164.412	352
164.463	347
164.513	348
164.564	358
164.614	368
164.664	392
164.714	413
164.764	445
164.814	475
164.865	492
164.915	527
164.965	545
165.015	555
165.065	574
165.115	563
165.166	577
165.216	569
165.266	543
165.316	538
165.367	512
165.418	484
165.468	465
165.518	432
165.568	415
165.618	396
165.668	378
165.719	370
165.769	367
165.819	362
165.869	372
165.919	382
165.969	402
166.020	422
166.070	437
166.120	468
166.170	489
166.220	506
166.272	530
166.322	530
166.372	553
166.422	557
166.472	546
166.522	553
166.573	539
166.623	524
166.673	511
166.723	484
166.773	472
166.823	452
166.874	427
166.924	417
166.974	404
167.024	390
167.074	388
167.125	384
167.176	390
167.226	398
167.276	405
167.326	424
167.376	439
167.427	453
167.477	475
167.527	482
167.577	507
167.627	519
167.678	520
167.728	538
167.778	534
167.828	536
167.878	534
167.928	513
167.979	514
168.029	500
168.080	478
168.130	470
168.180	452
168.230	435
168.281	426
168.331	410
168.381	406
168.431	401
168.481	396
168.532	402
168.582	409
168.632	412
168.682	428
168.732	434
168.782	456
168.833	471
168.883	479
168.933	500
168.984	508
169.034	521
169.084	530
169.135	521
169.185	535
169.235	530
169.285	517
169.335	516
169.386	493
169.436	488
169.486	475
169.536	452
169.586	445
169.636	429
169.687	414
169.737	408
169.787	406
169.837	394
169.888	399
169.938	398
169.989	410
170.039	421
170.089	428
170.139	449
170.189	459
170.240	481
170.290	496
170.340	498
170.390	524
170.440	530
170.490	530
170.541	541
170.591	526
170.641	534
170.691	524
170.741	500
170.793	497
170.843	479
170.893	455
170.943	446
170.993	423
171.043	412
171.094	402
171.144	389
171.194	389
171.244	389
171.294	388
171.344	399
171.395	405
171.445	425
171.495	443
171.545	454
171.595	482
171.646	498
171.697	510
171.747	532
171.797	528
171.847	551
171.897	553
171.948	537
171.998	546
172.048	531
172.098	514
172.148	503
172.198	471
172.249	462
172.299	441
172.349	416
172.399	404
172.449	391
172.500	378
172.550	375
172.601	373
172.651	380
172.701	390
172.751	400
172.802	422
172.852	441
172.902	460
172.952	487
173.002	496
173.052	528
173.103	543
173.153	542
173.203	563
173.253	560
173.303	557
173.354	554
173.404	527
173.455	523
173.505	501
173.555	472
173.605	455
173.656	431
173.706	405
173.756	391
173.806	374
173.856	367
173.906	364
173.957	362
174.007	372
174.057	386
174.107	398
174.157	424
174.208	440
174.258	473
174.308	497
174.359	509
174.409	541
174.459	551
174.510	564
174.560	575
174.610	553
174.660	570
174.710	556
174.761	528
174.811	520
174.861	491
174.911	466
174.961	443
175.011	411
175.062	394
175.112	377
175.162	360
175.212	355
175.263	357
175.313	353
175.364	369
175.414	384
175.464	407
175.514	432
175.564	454
175.615	488
175.665	509
175.715	537
175.765	558
175.815	556
175.865	582
175.916	582
175.966	569
176.016	572
176.066	536
176.116	533
176.167	510
176.218	473
176.268	454
176.318	426
176.368	396
176.418	377
176.469	372
176.519	344
176.569	346
176.619	346
176.669	356
176.719	373
176.770	389
176.820	418
176.870	446
176.920	476
176.970	508
177.020	523
177.072	557
177.122	572
177.172	573
177.222	591
177.272	568
177.323	583
177.373	568
177.423	536
177.473	523
177.523	493
177.573	457
177.624	433
177.674	407
177.724	378
177.774	361
177.824	348
177.874	341
177.925	342
177.976	344
178.026	360
178.076	379
178.126	404
178.177	435
178.227	460
178.277	498
178.327	524
178.377	543
178.427	573
178.478	566
178.528	595
178.578	594
178.628	573
178.678	579
178.729	554
178.779	525
178.829	505
178.880	464
178.930	443
178.980	413
179.031	384
179.081	364
179.131	350
179.181	336
179.231	335
179.281	340
179.332	351
179.382	370
179.432	390
179.482	425
179.532	455
179.583	483
179.633	518
179.683	531
179.733	569
179.784	585
179.834	578
179.885	599
179.935	589
179.985	579
180.035	569
180.085	527
180.135	516
180.186	485
180.236	446
180.286	422
180.336	394
180.386	364
180.437	349
180.487	338
180.537	332
180.587	335
180.637	342
180.688	361
180.739	386
180.789	410
180.839	446
180.889	469
180.939	510
180.990	538
181.040	554
181.090	584
181.140	586
181.190	596
181.240	600
181.291	572
181.341	576
181.391	552
181.441	513
181.491	495
181.541	461
181.593	426
181.643	400
181.693	371
181.743	352
181.793	339
181.844	331
181.894	331
181.944	343
181.994	349
182.044	376
182.094	400
182.145	437
182.195	469
182.245	493
182.295	532
182.345	550
182.395	579
182.446	594
182.497	582
182.547	603
182.597	593
182.647	570
182.698	561
182.748	528
182.798	500
182.848	471
182.898	430
182.948	407
182.999	381
183.049	354
183.099	341
183.149	349
183.199	324
183.249	336
183.300	348
183.350	370
183.401	397
183.451	424
183.501	461
183.552	486
183.602	525
183.652	553
183.702	562
183.752	592
183.802	596
183.853	587
183.903	598
183.953	560
184.003	566
184.053	540
184.103	498
184.154	479
184.204	446
184.255	410
184.305	385
184.355	367
184.406	340
184.456	335
184.506	333
184.556	335
184.606	348
184.656	364
184.707	392
184.757	419
184.807	454
184.857	488
184.907	507
184.958	547
185.008	566
185.058	579
185.108	598
185.159	580
185.209	599
185.260	586
185.310	554
185.360	545
185.410	513
185.460	478
185.510	452
185.561	415
185.611	390
185.661	367
185.711	348
185.761	337
185.812	337
185.862	334
185.912	346
185.962	364
186.012	387
186.063	420
186.114	443
186.164	482
186.214	511
186.264	533
186.314	565
186.364	564
186.415	593
186.465	595
186.515	579
186.565	585
186.615	564
186.666	538
186.716	517
186.766	477
186.816	456
186.866	424
186.916	393
186.968	373
187.018	358
187.068	340
187.118	340
187.168	342
187.218	350
187.269	367
187.319	386
187.369	419
187.419	447
187.469	474
187.520	509
187.570	522
187.620	558
187.670	574
187.720	571
187.770	590
187.821	580
187.872	574
187.922	564
187.972	528
188.022	517
188.073	487
188.123	451
188.173	429
188.223	403
188.273	376
188.323	363
188.374	351
188.424	347
188.474	349
188.524	356
188.574	372
188.624	395
188.675	416
188.725	449
188.776	467
188.826	505
188.876	529
188.927	538
188.977	567
189.027	568
189.077	577
189.127	579
189.177	555
189.228	557
189.278	535
189.328	504
189.378	488
189.428	458
189.478	430
189.529	409
189.579	386
189.629	374
189.680	365
189.730	358
189.781	361
189.831	375
189.881	378
189.931	402
189.981	420
190.031	449
190.082	474
190.132	491
190.182	522
190.232	523
190.282	553
190.332	562
190.383	551
190.433	565
190.483	555
190.533	535
190.584	527
190.635	498
190.685	484
190.735	462
190.785	432
190.835	420
190.885	402
190.936	386
190.986	381
191.036	383
191.086	374
191.136	385
191.186	393
191.237	412
191.287	430
191.337	444
191.387	471
191.437	479
191.489	509
191.539	524
191.589	523
191.639	544
191.689	545
191.739	538
191.790	542
191.840	516
191.890	518
191.940	502
191.990	476
192.041	467
192.091	448
192.141	428
192.191	419
192.241	403
192.291	398
192.342	396
192.393	392
192.443	400
192.493	409
192.543	416
192.593	434
192.644	442
192.694	464
192.744	480
192.794	485
192.844	507
192.895	515
192.945	518
192.995	530
193.045	516
193.095	527
193.145	521
193.196	503
193.246	502
193.297	488
193.347	471
193.397	463
193.447	442
193.498	438
193.548	428
193.598	415
193.648	414
193.698	412
193.749	408
193.799	416
193.849	417
193.899	431
193.949	441
193.999	446
194.050	464
194.100	475
194.151	482
194.201	498
194.251	493
194.302	513
194.352	517
194.402	508
194.452	518
194.502	511
194.552	502
194.603	501
194.653	480
194.703	480
194.753	469
194.803	451
194.853	447
194.904	436
194.954	424
195.004	423
195.055	414
195.105	417
195.156	418
195.206	417
195.256	427
195.306	434
195.356	441
195.406	456
195.457	459
195.507	479
195.557	489
195.607	492
195.657	508
195.707	510
195.758	514
195.808	520
195.858	507
195.908	515
195.959	507
196.010	491
196.060	490
196.110	475
196.160	462
196.210	454
196.260	434
196.311	431
196.361	422
196.411	411
196.461	412
196.511	411
196.561	408
196.612	417
196.662	419
196.712	435
196.762	447
196.812	453
196.864	473
196.914	482
196.964	497
197.014	510
197.064	507
197.114	526
197.165	528
197.215	519
197.265	526
197.315	507
197.365	509
197.415	498
197.466	475
197.516	470
197.566	454
197.616	434
197.666	426
197.717	418
197.768	402
197.818	400
197.868	394
197.918	399
197.968	405
198.019	409
198.069	425
198.119	439
198.169	452
198.219	473
198.270	479
198.320	505
198.370	517
198.420	523
198.470	539
198.520	526
198.571	543
198.621	538
198.672	517
198.722	519
198.772	502
198.822	481
198.873	469
198.923	443
198.973	430
199.023	416
199.073	400
199.124	392
199.174	387
199.224	381
199.274	387
199.324	390
199.374	404
199.425	420
199.475	432
199.525	458
199.576	477
199.626	490
199.676	516
199.727	515
199.777	544
199.827	550
199.877	539
199.927	554
199.978	543
200.028	530
200.078	522
200.128	492
200.178	483
200.228	462
200.279	433
200.329	420
200.379	403
200.429	384
200.480	378
200.530	370
200.581	372
200.631	377
200.681	384
200.731	403
200.781	421
200.832	437
200.882	466
200.932	476
200.982	511
201.032	529
201.082	532
201.133	558
201.183	559
201.233	561
201.283	563
201.333	537
201.385	539
201.435	520
201.485	489
201.535	476
201.585	449
201.635	422
201.686	405
201.736	384
201.786	373
201.836	364
201.886	358
201.936	363
201.987	374
202.037	380
202.087	404
202.137	420
202.187	451
202.238	477
202.289	492
202.339	526
202.389	540
202.439	557
202.489	572
202.540	559
202.590	576
202.640	567
202.690	542
202.740	538
202.790	508
202.841	487
202.891	464
202.941	430
202.991	411
203.041	389
203.092	366
203.142	358
203.193	355
203.243	345
203.293	356
203.343	365
203.394	385
203.444	408
203.494	428
203.544	463
203.594	488
203.644	516
203.695	542
203.745	548
203.795	576
203.845	582
203.895	573
203.946	583
203.996	562
204.047	554
204.097	535
204.147	493
204.197	481
204.248	450
204.298	416
204.348	395
204.398	382
204.448	352
204.498	345
204.549	341
204.599	342
204.649	351
204.699	364
204.749	389
204.800	418
204.850	443
204.900	477
204.951	496
205.001	534
205.051	555
205.102	564
205.152	588
205.202	569
205.252	595
205.302	587
205.353	556
205.403	553
205.453	526
205.503	492
205.553	468
205.603	431
205.654	404
205.704	382
205.754	358
205.804	344
205.855	338
205.905	331
205.956	338
206.006	351
206.056	368
206.106	396
206.156	420
206.207	458
206.257	488
206.307	513
206.357	548
206.407	552
206.457	589
206.508	596
206.558	583
206.608	599
206.658	584
206.708	562
206.759	548
206.810	502
206.860	487
206.910	455
206.960	417
207.010	394
207.061	369
207.111	345
207.161	335
207.211	331
207.261	328
207.311	338
207.362	352
207.412	376
207.462	407
207.512	432
207.562	471
207.612	492
207.664	533
207.714	560
207.764	569
207.814	597
207.864	598
207.915	599
207.965	601
208.015	563
208.065	566
208.115	538
208.165	496
208.216	477
208.266	441
208.316	405
208.366	381
208.416	356
208.466	337
208.517	328
208.568	323
208.618	326
208.668	341
208.718	352
208.769	383
208.819	411
208.869	448
208.919	482
208.969	505
209.019	546
209.070	566
209.120	587
209.170	605
209.220	587
209.270	610
209.321	600
209.371	570
209.421	561
209.472	524
209.522	494
209.572	465
209.623	424
209.673	398
209.723	369
209.773	342
209.823	328
209.873	327
209.924	313
209.974	324
210.024	338
210.074	361
210.124	393
210.175	418
210.225	458
210.275	489
210.325	523
210.376	557
210.426	566
210.477	602
210.527	609
210.577	599
210.627	612
210.677	590
210.727	580
210.778	554
210.828	508
210.878	490
210.928	454
210.978	413
211.029	387
211.079	369
211.129	332
211.179	322
211.229	316
211.280	315
211.331	326
211.381	339
211.431	368
211.481	405
211.531	430
211.582	468
211.632	492
211.682	536
211.732	563
211.782	581
211.832	608
211.883	592
211.933	621
211.983	613
212.033	578
212.083	577
212.133	544
212.185	507
212.235	481
212.285	443
212.335	406
212.385	377
212.436	348
212.486	327
212.536	317
212.586	312
212.636	313
212.686	325
212.737	340
212.787	374
212.837	400
212.887	439
212.937	474
212.987	504
213.038	544
213.089	558
213.139	599
213.189	612
213.239	598
213.290	621
213.340	608
213.390	587
213.440	574
213.490	524
213.540	510
213.591	475
213.641	432
213.691	403
213.741	372
213.791	340
213.841	322
213.892	313
213.942	306
213.993	312
214.043	324
214.093	345
214.144	379
214.194	404
214.244	444
214.294	471
214.344	517
214.394	549
214.445	568
214.495	603
214.545	609
214.595	615
214.645	622
214.695	591
214.746	597
214.796	569
214.847	525
214.897	506
214.947	467
214.998	426
215.048	397
215.098	364
215.148	338
215.198	319
215.248	309
215.299	305
215.349	315
215.399	320
215.449	349
215.499	379
215.550	412
215.600	449
215.650	476
215.700	522
215.751	550
215.801	578
215.852	605
215.902	596
215.952	625
216.002	620
216.052	596
216.102	595
216.153	558
216.203	530
216.253	502
216.303	455
216.353	428
216.404	394
216.454	358
216.504	334
216.554	319
216.604	301
216.655	304
216.706	314
216.756	325
216.806	351
216.856	380
216.906	416
216.956	451
217.007	488
217.057	526
217.107	543
217.157	588
217.207	607
217.258	605
217.308	626
217.358	608
217.408	611
217.458	593
217.508	545
217.560	532
217.610	497
217.660	453
217.710	423
217.760	390
217.810	352
217.861	331
217.911	315
217.961	304
218.011	305
218.061	309
218.112	327
218.162	370
218.212	384
218.262	420
218.312	450
218.362	496
218.413	528
218.464	553
218.514	592
218.564	584
218.614	625
218.665	626
218.715	603
218.765	611
218.815	586
218.865	548
218.915	528
218.966	483
219.016	453
219.066	419
219.116	381
219.166	352
219.216	329
219.267	309
219.317	303
219.368	319
219.418	304
219.468	329
219.519	357
219.569	389
219.619	423
219.669	455
219.719	499
219.769	518
219.820	568
219.870	593
219.920	595
219.970	626
220.020	621
220.070	613
220.121	611
220.171	563
220.221	557
220.272	525
220.322	478
220.373	452
220.423	415
220.473	376
220.523	350
220.573	327
220.623	308
220.674	303
220.724	305
220.774	311
220.824	333
220.874	357
220.924	392
220.975	421
221.025	466
221.075	502
221.125	524
221.176	570
221.227	589
221.277	607
221.327	625
221.377	609
221.427	622
221.477	608
221.528	569
221.578	554
221.628	519
221.678	481
221.728	449
221.778	408
221.829	378
221.879	348
221.929	324
221.979	308
222.029	307
222.081	302
222.131	313
222.181	332
222.231	362
222.281	395
222.331	423
222.382	467
222.432	500
222.482	534
222.532	572
222.582	581
222.633	616
222.683	623
222.733	612
222.783	622
222.833	597
222.883	579
222.934	553
222.985	505
223.035	485
223.085	447
223.135	406
223.185	377
223.236	351
223.286	320
223.336	309
223.386	305
223.436	304
223.487	315
223.537	332
223.587	365
223.637	397
223.687	427
223.737	469
223.788	493
223.838	540
223.889	570
223.939	582
223.989	616
224.039	614
224.090	622
224.140	620
224.190	585
224.240	583
224.290	549
224.341	512
224.391	484
224.441	445
224.491	405
224.541	376
224.591	346
224.642	323
224.692	311
224.743	304
224.793	305
224.843	319
224.894	330
224.944	367
224.994	394
225.044	432
225.094	470
225.144	497
225.195	540
225.245	550
225.295	597
225.345	613
225.395	600
225.445	624
225.496	614
225.546	589
225.596	580
225.647	527
225.697	515
225.748	481
225.798	436
225.848	409
225.898	376
225.948	344
225.998	323
226.049	329
226.099	298
226.149	307
226.199	318
226.249	337
226.299	370
226.350	395
226.400	435
226.450	463
226.500	507
226.551	542
226.602	557
226.652	598
226.702	610
226.752	611
226.802	623
226.852	584
226.903	605
226.953	577
227.003	530
227.053	515
227.103	478
227.153	436
227.204	406
227.254	371
227.304	342
227.354	323
227.404	310
227.456	305
227.506	311
227.556	316
227.606	339
227.656	370
227.706	400
227.757	438
227.807	465
227.857	511
227.907	540
227.957	566
228.007	599
228.058	592
228.108	623
228.158	622
228.208	597
228.258	601
228.309	571
228.360	535
228.410	512
228.460	465
228.510	439
228.560	404
228.611	368
228.661	342
228.711	324
228.761	306
228.811	304
228.862	311
228.912	319
228.962	342
229.012	370
229.062	405
229.112	439
229.163	472
229.213	513
229.264	529
229.314	577
229.364	598
229.414	599
229.465	623
229.515	614
229.565	609
229.615	598
229.665	556
229.716	541
229.766	509
229.816	465
229.866	437
229.916	402
229.966	364
230.017	342
230.067	322
230.117	308
230.168	307
230.218	308
230.268	320
230.319	347
230.369	372
230.419	407
230.469	435
230.519	480
230.570	514
230.620	536
230.670	579
230.720	591
230.770	613
230.820	621
230.871	602
230.921	614
230.971	595
231.021	557
231.072	540
231.122	502
231.173	468
231.223	435
231.273	397
231.323	368
231.373	342
231.424	320
231.474	309
231.524	319
231.574	304
231.624	322
231.674	343
231.725	377
231.775	408
231.825	436
231.875	480
231.925	503
231.977	547
232.027	577
232.077	583
232.127	615
232.177	617
232.227	606
232.278	613
232.328	569
232.378	569
232.428	538
232.478	492
232.528	471
232.579	434
232.629	396
232.679	368
232.729	351
232.779	312
232.830	311
232.881	309
232.931	311
232.981	326
233.031	344
233.081	378
233.132	413
233.182	440
233.232	482
233.282	503
233.332	549
233.382	575
233.433	588
233.483	615
233.533	596
233.583	621
233.633	610
233.684	573
233.734	569
233.785	534
233.835	496
233.885	470
233.935	431
233.986	396
234.036	368
234.086	341
234.136	322
234.186	314
234.236	306
234.287	313
234.337	327
234.387	344
234.437	380
234.487	405
234.538	445
234.588	481
234.639	507
234.689	549
234.739	559
234.789	601
234.840	611
234.890	603
234.940	618
234.990	604
235.040	582
235.090	568
235.141	518
235.191	504
235.241	469
235.291	427
235.341	400
235.392	370
235.442	340
235.492	324
235.543	315
235.593	310
235.643	316
235.694	328
235.744	350
235.794	383
235.844	408
235.894	447
235.945	470
235.995	516
236.045	547
236.095	562
236.145	597
236.195	603
236.246	609
236.296	615
236.346	582
236.396	590
236.447	564
236.497	521
236.548	503
236.598	466
236.648	428
236.698	400
236.748	366
236.799	343
236.849	325
236.899	314
236.949	311
236.999	319
237.049	325
237.100	351
237.150	378
237.200	412
237.250	447
237.300	475
237.351	516
237.402	542
237.452	572
237.502	596
237.552	591
237.602	615
237.653	612
237.703	590
237.753	589
237.803	556
237.853	529
237.903	502
237.954	456
238.004	431
238.054	399
238.104	365
238.154	342
238.204	330
238.256	309
238.306	312
238.356	318
238.406	330
238.456	353
238.507	379
238.557	414
238.607	447
238.657	481
238.707	517
238.757	535
238.808	577
238.858	594
238.908	595
238.958	614
239.008	584
239.058	604
239.109	587
239.160	544
239.210	532
239.260	499
239.310	458
239.361	431
239.411	405
239.461	364
239.511	343
239.561	326
239.611	316
239.662	315
239.712	316
239.762	332
239.812	365
239.862	380
239.913	415
