#Creator: pendulumdriveEventBuffer
#Creation time: Fri Apr  7 15:31:08 2017
#Time	Pos
#[s]	[au]
0.050	442
0.100	438
0.151	444
0.201	436
0.251	448
0.301	450
0.351	449
0.401	461
0.452	463
0.502	467
0.552	475
0.602	471
0.652	484
0.703	487
0.754	480
0.804	490
0.854	486
0.904	484
0.954	485
1.005	468
1.055	476
1.105	469
1.155	457
1.205	457
1.255	449
1.306	442
1.356	441
1.406	429
1.456	434
1.506	433
1.556	427
1.608	434
1.658	436
1.708	438
1.758	448
1.808	445
1.859	461
1.909	468
1.959	468
2.009	482
2.059	483
2.109	491
2.160	496
2.210	487
2.260	498
2.310	495
2.360	485
2.410	489
2.461	479
2.512	475
2.562	469
2.612	450
2.662	454
2.713	446
2.763	433
2.813	434
2.863	429
2.913	424
2.963	426
3.014	421
3.064	430
3.114	435
3.164	434
3.214	448
3.264	452
3.315	462
3.365	472
3.416	469
3.466	487
3.516	492
3.567	490
3.617	501
3.667	492
3.717	501
3.767	499
3.817	483
3.868	489
3.918	481
3.968	466
4.018	467
4.068	447
4.119	448
4.169	442
4.219	427
4.269	430
4.320	426
4.370	418
4.421	425
4.471	427
4.521	430
4.571	436
4.621	434
4.671	451
4.722	458
4.772	461
4.822	476
4.872	475
4.922	490
4.973	495
5.023	487
5.073	502
5.123	500
5.173	494
5.224	497
5.275	481
5.325	486
5.375	479
5.425	461
5.475	463
5.525	454
5.576	440
5.626	440
5.676	427
5.726	430
5.776	426
5.827	418
5.877	427
5.927	429
5.977	430
6.027	440
6.077	437
6.129	453
6.179	462
6.229	461
6.279	478
6.329	482
6.380	486
6.430	495
6.480	486
6.530	499
6.580	499
6.630	486
6.681	494
6.731	486
6.781	479
6.831	476
6.881	456
6.931	461
6.982	453
7.033	438
7.083	441
7.133	435
7.183	427
7.234	430
7.284	421
7.334	431
7.384	434
7.434	431
7.484	443
7.535	447
7.585	452
7.635	464
7.685	459
7.735	477
7.785	483
7.836	479
7.886	492
7.937	491
7.987	491
8.037	495
8.088	480
8.138	489
8.188	484
8.238	470
8.288	474
8.338	464
8.389	458
8.439	455
8.489	439
8.539	444
8.589	440
8.639	430
8.690	435
8.740	434
8.791	432
8.841	439
8.891	434
8.942	446
8.992	451
9.042	449
9.092	462
9.142	465
9.192	470
9.243	479
9.293	474
9.343	487
9.393	487
9.443	480
9.493	490
9.544	482
9.594	484
9.644	483
9.695	467
9.745	475
9.796	468
9.846	456
9.896	459
9.946	452
9.996	448
10.046	446
10.097	433
10.147	442
10.197	441
10.247	434
10.297	442
10.348	446
10.398	445
10.448	450
10.498	446
10.548	459
10.599	463
10.650	461
10.700	473
10.750	473
10.800	480
10.850	483
10.900	474
10.951	485
11.001	484
11.051	478
11.101	482
11.151	472
11.202	476
11.252	473
11.302	460
11.352	465
11.402	459
11.452	450
11.504	452
11.554	446
11.604	445
11.654	444
11.704	434
11.754	443
11.805	442
11.855	439
11.905	447
11.955	445
12.005	454
12.056	458
12.106	452
12.156	466
12.206	469
12.256	469
12.306	479
12.357	471
12.408	483
12.458	485
12.508	474
12.558	484
12.608	482
12.659	474
12.709	478
12.759	464
12.809	470
12.859	466
12.910	452
12.960	457
13.010	452
13.060	443
13.110	446
13.160	434
13.211	442
13.261	441
13.312	432
13.362	443
13.412	444
13.463	442
13.513	452
13.563	448
13.613	461
13.663	466
13.713	462
13.764	476
13.814	478
13.864	478
13.914	486
13.964	477
14.014	488
14.065	487
14.115	477
14.165	485
14.216	478
14.266	471
14.317	471
14.367	456
14.417	460
14.467	454
14.517	440
14.567	445
14.618	440
14.668	434
14.718	437
14.768	429
14.818	437
14.868	439
14.919	436
14.969	447
15.019	451
15.069	454
15.120	464
15.171	460
15.221	475
15.271	481
15.321	476
15.371	489
15.421	488
15.472	490
15.522	492
15.572	480
15.622	488
15.672	483
15.722	470
15.773	473
15.823	463
15.873	456
15.923	454
15.973	437
16.025	442
16.075	437
16.125	428
16.175	433
16.225	431
16.275	430
16.326	436
16.376	432
16.426	445
16.476	450
16.526	449
16.576	464
16.627	467
16.677	476
16.727	483
16.777	477
16.827	492
16.878	493
16.929	487
16.979	495
17.029	488
17.079	488
17.129	485
17.180	469
17.230	474
17.280	465
17.330	453
17.380	452
17.431	443
17.481	438
17.531	435
17.581	424
17.631	430
17.681	430
17.732	425
17.783	435
17.833	440
17.883	443
17.933	451
17.983	449
18.034	465
18.084	472
18.134	471
18.184	485
18.234	482
18.285	493
18.335	496
18.385	484
18.435	496
18.485	492
18.535	483
18.586	485
18.636	471
18.687	472
18.737	465
18.787	449
18.837	451
18.888	443
18.938	432
18.988	434
19.038	430
19.088	429
19.139	431
19.189	424
19.239	436
19.289	439
19.339	440
19.389	452
19.440	449
19.490	466
19.540	473
19.591	471
19.641	486
19.692	489
19.742	487
19.792	496
19.842	485
19.892	495
19.942	492
19.993	478
20.043	484
20.093	476
20.143	466
20.193	464
20.243	446
20.294	451
20.344	444
20.394	432
20.444	435
20.495	431
20.546	426
20.596	432
20.646	425
20.696	437
20.746	441
20.796	439
20.847	454
20.897	458
20.947	462
20.997	473
21.047	468
21.097	485
21.148	488
21.198	484
21.248	494
21.298	492
21.348	489
21.400	491
21.450	475
21.500	482
21.550	476
21.600	461
21.650	465
21.701	456
21.751	448
21.801	446
21.851	432
21.901	437
21.951	435
22.002	426
22.052	434
22.102	434
22.152	435
22.202	443
22.253	437
22.304	453
22.354	459
22.404	457
22.454	472
22.504	475
22.555	480
22.605	488
22.655	479
22.705	492
22.755	492
22.805	483
22.856	490
22.906	482
22.956	480
23.006	477
23.056	461
23.107	465
23.157	459
23.208	446
23.258	448
23.308	442
23.358	436
23.409	437
23.459	426
23.509	436
23.559	436
23.609	433
23.660	443
23.710	445
23.760	451
23.810	458
23.860	455
23.910	470
23.961	475
24.011	472
24.061	484
24.112	482
24.162	488
24.212	490
24.263	481
24.313	489
24.363	485
24.413	475
24.463	479
24.514	467
24.564	466
24.614	462
24.664	447
24.714	452
24.764	446
24.815	437
24.865	440
24.915	435
24.965	436
25.016	438
25.066	432
25.117	443
25.167	446
25.217	444
25.267	456
25.317	456
25.368	466
25.418	472
25.468	467
25.518	481
25.568	483
25.618	481
25.669	490
25.719	479
25.769	489
25.819	487
25.869	474
25.920	481
25.971	475
26.021	464
26.071	466
26.121	451
26.171	454
26.222	449
26.272	437
26.322	440
26.372	437
26.422	432
26.472	437
26.523	429
26.573	440
26.623	443
26.673	440
26.723	453
26.773	457
26.825	460
26.875	470
26.925	464
26.975	480
27.025	484
27.076	477
27.126	491
27.176	489
27.226	485
27.276	490
27.326	477
27.377	484
27.427	479
27.477	464
27.527	468
27.577	460
27.628	451
27.678	450
27.729	437
27.779	440
27.829	438
27.879	429
27.930	434
27.980	434
28.030	432
28.080	441
28.130	435
28.180	451
28.231	455
28.281	453
28.331	468
28.381	473
28.431	475
28.482	485
28.532	476
28.583	492
28.633	493
28.683	485
28.733	493
28.784	487
28.834	481
28.884	481
28.934	463
28.984	469
29.034	463
29.085	448
29.135	449
29.185	442
29.235	436
29.285	435
29.336	424
29.386	432
29.436	433
29.487	427
29.537	438
29.587	442
29.638	444
29.688	455
29.738	452
29.788	470
29.838	475
29.888	471
29.939	487
29.989	487
30.039	492
30.089	496
30.139	484
30.190	495
30.240	491
30.290	479
30.340	482
30.391	473
30.441	467
30.492	462
30.542	445
30.592	448
30.642	440
30.692	429
30.743	433
30.793	429
30.843	426
30.893	431
30.943	426
30.993	438
31.044	442
31.094	442
31.144	456
31.194	463
31.244	470
31.295	478
31.346	474
31.396	491
31.446	493
31.496	489
31.546	500
31.597	489
31.647	495
31.697	492
31.747	475
31.797	481
31.847	473
31.898	460
31.948	460
31.998	447
32.048	442
32.098	439
32.148	426
32.200	430
32.250	428
32.300	422
32.350	430
32.400	431
32.451	437
32.501	444
32.551	444
32.601	459
32.651	465
32.701	466
32.752	480
32.802	475
32.852	492
32.902	495
32.952	486
33.002	499
33.053	496
33.104	489
33.154	491
33.204	473
33.254	479
33.305	473
33.355	455
33.405	457
33.455	449
33.505	438
33.555	438
33.606	425
33.656	430
33.706	429
33.756	422
33.806	431
33.856	434
33.907	435
33.957	446
34.008	444
34.058	461
34.108	467
34.159	466
34.209	482
34.259	485
34.309	487
34.359	496
34.409	484
34.460	498
34.510	495
34.560	482
34.610	490
34.660	481
34.711	473
34.761	471
34.811	453
34.861	455
34.912	449
34.962	436
35.013	437
35.063	432
35.113	425
35.163	430
35.213	422
35.263	432
35.314	436
35.364	434
35.414	448
35.464	453
35.514	458
35.565	470
35.615	465
35.665	483
35.715	488
35.765	482
35.816	496
35.867	493
35.917	493
35.967	495
36.017	480
36.067	488
36.117	482
36.168	466
36.218	469
36.268	459
36.318	451
36.368	448
36.419	431
36.469	436
36.519	433
36.569	426
36.619	431
36.669	431
36.721	432
36.771	438
36.821	435
36.871	450
36.921	456
36.972	455
37.022	471
37.072	473
37.122	480
37.172	488
37.222	479
37.273	494
37.323	493
37.373	485
37.423	493
37.473	485
37.523	484
37.574	480
37.625	463
37.675	468
37.725	461
37.775	448
37.826	448
37.876	441
37.926	436
37.976	435
38.026	427
38.076	433
38.127	434
38.177	430
38.227	440
38.277	443
38.327	449
38.377	456
38.428	453
38.478	469
38.529	474
38.579	472
38.629	486
38.680	479
38.730	490
38.780	493
38.830	480
38.880	491
38.930	487
38.981	477
39.031	480
39.081	467
39.131	468
39.181	463
39.231	448
39.282	451
39.332	446
39.383	436
39.433	438
39.483	435
39.534	435
39.584	437
39.634	430
39.684	442
39.734	444
39.784	445
39.835	456
39.885	455
39.935	467
39.985	473
40.035	466
40.085	482
40.136	483
40.186	480
40.236	490
40.287	479
40.337	489
40.388	487
40.438	476
40.488	480
40.538	474
40.588	464
40.638	466
40.689	450
40.739	455
40.789	450
40.839	438
40.889	442
40.940	439
40.990	432
41.040	438
41.090	430
41.140	441
41.191	445
41.242	440
41.292	453
41.342	456
41.392	458
41.442	469
41.492	464
41.543	478
41.593	481
41.643	474
41.693	487
41.743	485
41.794	484
41.844	488
41.894	473
41.944	482
41.994	478
42.044	465
42.096	469
42.146	462
42.196	454
42.246	454
42.296	440
42.346	445
42.397	442
42.447	433
42.497	439
42.547	438
42.597	436
42.648	443
42.698	437
42.748	450
42.798	454
42.848	451
42.898	465
42.949	467
43.000	470
43.050	479
43.100	472
43.150	486
43.200	488
43.251	479
43.301	489
43.351	483
43.401	482
43.451	481
43.502	466
43.552	473
43.602	467
43.652	454
43.702	457
43.752	449
43.803	443
43.853	443
43.904	431
43.954	437
44.004	437
44.055	433
44.105	439
44.155	441
44.205	442
44.255	451
44.305	447
44.356	461
44.406	466
44.456	464
44.506	478
44.556	479
44.606	484
44.657	489
44.707	480
44.757	491
44.808	489
44.858	480
44.909	485
44.959	477
45.009	474
45.059	471
45.109	454
45.159	459
45.210	452
45.260	440
45.310	443
45.360	441
45.410	434
45.460	435
45.511	429
45.561	436
45.611	438
45.661	437
45.712	448
45.763	450
45.813	458
45.863	466
45.913	461
45.963	477
46.013	481
46.064	479
46.114	490
46.164	481
46.214	494
46.264	492
46.314	478
46.365	488
46.415	482
46.465	472
46.515	473
46.565	461
46.617	459
46.667	452
46.717	439
46.767	442
46.817	437
46.867	428
46.918	433
46.968	431
47.018	434
47.068	437
47.118	434
47.168	446
47.219	451
47.269	452
47.319	466
47.369	460
47.419	478
47.470	484
47.521	479
47.571	492
47.621	493
47.671	488
47.721	495
47.772	480
47.822	490
47.872	484
47.922	469
47.972	473
48.023	464
48.073	454
48.123	452
48.173	437
48.223	440
48.273	436
48.324	425
48.375	431
48.425	431
48.475	428
48.525	436
48.575	430
48.626	446
48.676	452
48.726	451
48.776	467
48.826	472
48.877	476
48.927	487
48.977	479
49.027	495
49.077	496
49.127	488
49.178	496
49.228	491
49.279	484
49.329	484
49.379	466
49.429	472
49.480	464
49.530	450
49.580	450
49.630	442
49.680	433
49.731	434
49.781	422
49.831	430
49.881	430
49.931	425
49.981	435
50.032	439
50.082	442
50.132	453
50.183	451
50.233	467
50.284	473
50.334	472
50.384	487
50.434	488
50.484	491
50.534	497
50.585	485
50.635	496
50.685	493
50.735	481
50.785	484
50.835	475
50.886	468
50.936	464
50.986	447
51.036	450
51.087	443
51.138	430
51.188	434
51.238	431
51.288	427
51.338	430
51.388	426
51.439	436
51.489	441
51.539	440
51.589	453
51.639	458
51.689	465
51.740	474
51.790	470
51.840	486
51.890	490
51.940	486
51.992	496
52.042	492
52.092	494
52.142	493
52.192	476
52.242	483
52.293	477
52.343	463
52.393	465
52.443	456
52.493	449
52.543	445
52.594	431
52.644	436
52.694	432
52.744	425
52.794	432
52.845	434
52.896	436
52.946	441
52.996	439
53.046	453
53.096	459
53.147	460
53.197	473
53.247	472
53.297	484
53.347	489
53.397	481
53.448	494
53.498	493
53.548	488
53.598	491
53.648	479
53.699	483
53.749	478
53.800	462
53.850	464
53.900	457
53.950	446
54.001	446
54.051	438
54.101	437
54.151	434
54.201	424
54.252	433
54.302	434
54.352	432
54.402	442
54.452	440
54.502	453
54.553	460
54.603	456
54.653	473
54.704	477
54.754	478
54.804	488
54.855	477
54.905	493
54.955	493
55.005	482
55.055	491
55.106	486
55.156	479
55.206	478
55.256	461
55.306	466
55.356	459
55.407	444
55.457	448
55.507	441
55.557	432
55.608	435
55.658	425
55.709	434
55.759	435
55.809	431
55.859	442
55.909	446
55.960	448
56.010	459
56.060	455
56.110	471
56.160	477
56.210	474
56.261	487
56.311	487
56.361	489
56.411	493
56.461	481
56.512	491
56.563	487
56.613	476
56.663	478
56.713	469
56.763	462
56.814	459
56.864	442
56.914	447
56.964	442
57.014	430
57.064	436
57.115	433
57.165	430
57.215	435
57.265	429
57.315	442
57.365	447
57.417	445
57.467	458
57.517	462
57.567	468
57.617	477
57.668	471
57.718	487
57.768	489
57.818	483
57.868	493
57.918	489
57.969	488
58.019	487
58.069	472
58.119	479
58.169	472
58.220	458
58.270	461
58.321	452
58.371	445
58.421	444
58.471	428
58.522	436
58.572	434
58.622	428
58.672	435
58.722	436
58.772	438
58.823	446
58.873	442
58.923	458
58.973	463
59.023	463
59.074	476
59.124	477
59.175	484
59.225	489
59.275	479
59.325	493
59.376	492
59.426	483
59.476	488
59.526	479
59.576	478
59.626	473
59.677	456
59.727	461
59.777	455
59.827	442
59.877	444
59.928	439
59.978	434
60.028	435
60.079	427
60.129	435
60.179	437
60.230	436
60.280	446
60.330	447
60.380	456
60.430	463
60.480	459
60.531	475
60.581	480
60.631	478
60.681	489
60.731	479
60.782	492
60.832	492
60.882	481
60.932	489
60.983	483
61.033	472
61.084	474
61.134	462
61.184	462
61.234	456
61.284	442
61.335	445
61.385	439
61.435	432
61.485	435
61.535	428
61.585	435
61.636	437
61.686	434
61.736	445
61.786	449
61.836	450
61.887	462
61.938	457
61.988	474
62.038	479
62.088	473
62.138	488
62.189	488
62.239	485
62.289	492
62.339	480
62.389	489
62.439	485
62.490	471
62.540	476
62.590	468
62.640	459
62.690	458
62.740	443
62.792	447
62.842	443
62.892	432
62.942	437
62.992	435
63.043	432
63.093	438
63.143	432
63.193	444
63.243	449
63.293	447
63.344	460
63.394	463
63.444	467
63.494	476
63.544	469
63.594	485
63.645	487
63.696	480
63.746	491
63.796	487
63.846	485
63.897	486
63.947	470
63.997	477
64.047	472
64.097	456
64.147	461
64.198	453
64.248	448
64.298	446
64.348	432
64.398	439
64.448	437
64.499	431
64.549	438
64.600	439
64.650	440
64.700	447
64.751	442
64.801	457
64.851	461
64.901	460
64.951	473
65.001	474
65.052	480
65.102	486
65.152	478
65.202	490
65.252	489
65.303	480
65.353	487
65.403	479
65.453	478
65.504	476
65.554	459
65.605	465
65.655	458
65.705	448
65.755	449
65.805	442
65.855	438
65.906	438
65.956	430
66.006	437
66.056	438
66.106	434
66.157	444
66.207	446
66.257	452
66.307	459
66.357	454
66.408	470
66.459	474
66.509	471
66.559	484
66.609	478
66.659	489
66.709	490
66.760	479
66.810	488
66.860	485
66.910	476
66.960	478
67.011	467
67.061	467
67.111	462
67.161	448
67.211	451
67.261	445
67.313	436
67.363	439
67.413	435
67.463	436
67.513	437
67.564	432
67.614	442
67.664	445
67.714	444
67.764	456
67.814	451
67.865	467
67.915	473
67.965	469
68.015	483
68.065	485
68.115	483
68.166	491
68.217	479
68.267	491
68.317	488
68.367	476
68.418	481
68.468	474
68.518	464
68.568	464
68.618	447
68.668	453
68.719	447
68.769	433
68.819	438
68.869	436
68.919	429
68.969	435
69.020	429
69.070	438
69.121	443
69.171	441
69.221	453
69.272	458
69.322	460
69.372	472
69.422	465
69.472	483
69.522	487
69.573	482
69.623	493
69.673	491
69.723	487
69.773	491
69.823	474
69.874	483
69.924	478
69.975	464
70.025	466
70.075	457
70.126	448
70.176	446
70.226	433
70.276	437
70.326	435
70.376	427
70.427	433
70.477	433
70.527	433
70.577	441
70.627	437
70.677	452
70.728	459
70.778	456
70.828	471
70.879	475
70.929	478
70.980	488
71.030	478
71.080	494
71.130	494
71.180	486
71.230	492
71.281	487
71.331	481
71.381	478
71.431	461
71.481	466
71.532	459
71.582	446
71.632	446
71.682	439
71.732	432
71.783	433
71.834	424
71.884	432
71.934	433
71.984	430
72.034	440
72.084	444
72.135	448
72.185	459
72.235	454
72.285	472
72.335	478
72.386	476
72.436	489
72.486	487
72.536	494
72.586	496
72.636	484
72.688	493
72.738	489
72.788	477
72.838	479
72.888	469
72.938	464
72.989	459
73.039	442
73.089	445
73.139	439
73.189	429
73.240	432
73.290	436
73.340	428
73.390	432
73.440	427
73.490	440
73.541	445
73.592	445
73.642	459
73.692	460
73.742	472
73.792	480
73.843	474
73.893	491
73.943	492
73.993	488
74.043	498
74.094	486
74.144	493
74.194	489
74.244	473
74.294	479
74.344	470
74.395	457
74.445	457
74.496	447
74.546	441
74.596	438
74.647	425
74.697	430
74.747	429
74.797	424
74.847	432
74.897	431
74.948	440
74.998	447
75.048	446
75.098	461
75.148	467
75.198	469
75.249	482
75.299	477
75.349	493
75.400	496
75.450	486
75.501	498
75.551	494
75.601	487
75.651	490
75.701	470
75.751	477
75.802	470
75.852	453
75.902	455
75.952	446
76.002	434
76.052	436
76.103	425
76.153	429
76.203	428
76.253	422
76.304	431
76.355	435
76.405	436
76.455	448
76.505	446
76.555	463
76.605	470
76.656	468
76.706	486
76.756	489
76.806	492
76.856	499
76.906	486
76.957	500
77.007	497
77.057	484
77.107	489
77.157	479
77.209	470
77.259	467
77.309	449
77.359	450
77.409	443
77.459	430
77.510	432
77.560	427
77.610	422
77.660	426
77.710	422
77.760	432
77.811	436
77.861	437
77.911	451
77.961	457
78.011	464
78.062	476
78.113	472
78.163	490
78.213	495
78.263	489
78.313	502
78.364	498
78.414	497
78.464	497
78.514	480
78.564	486
78.615	478
78.665	463
78.715	463
78.765	452
78.815	443
78.865	439
78.916	426
78.967	428
79.017	426
79.067	418
79.117	426
79.167	429
79.218	430
79.268	440
79.318	438
79.368	455
79.418	463
79.469	462
79.519	480
79.569	482
79.619	490
79.669	497
79.719	487
79.770	501
79.820	500
79.871	490
79.921	495
79.971	484
80.021	481
80.072	475
80.122	457
80.172	459
80.222	451
80.272	436
80.323	437
80.373	431
80.423	426
80.473	427
80.523	421
80.573	429
80.624	432
80.674	431
80.724	444
80.775	449
80.825	457
80.876	466
80.926	463
80.976	482
81.026	486
81.076	485
81.126	496
81.177	487
81.227	499
81.277	497
81.327	481
81.377	490
81.427	484
81.478	473
81.528	472
81.578	455
81.628	456
81.679	449
81.730	434
81.780	438
81.830	433
81.880	426
81.930	430
81.980	429
82.031	432
82.081	436
82.131	432
82.181	447
82.231	452
82.281	456
82.332	469
82.382	464
82.432	482
82.482	487
82.532	482
82.584	495
82.634	494
82.684	491
82.734	496
82.784	478
82.834	489
82.885	483
82.935	466
82.985	469
83.035	461
83.085	450
83.135	449
83.186	433
83.236	437
83.286	433
83.336	421
83.386	429
83.437	430
83.488	428
83.538	437
83.588	435
83.638	448
83.688	455
83.739	454
83.789	470
83.839	475
83.889	478
83.939	490
83.989	480
84.040	497
84.090	498
84.140	488
84.190	496
84.240	490
84.291	483
84.341	482
84.392	463
84.442	467
84.492	460
84.542	445
84.593	444
84.643	437
84.693	428
84.743	429
84.793	419
84.844	426
84.894	428
84.944	424
84.994	437
85.044	442
85.094	446
85.145	458
85.195	455
85.245	475
85.296	483
85.346	481
85.396	496
85.447	496
85.497	500
85.547	503
85.597	492
85.647	499
85.698	493
85.748	477
85.798	479
85.848	467
85.898	459
85.948	452
85.999	433
86.049	436
86.099	429
86.149	418
86.200	421
86.250	420
86.301	418
86.351	426
86.401	425
86.451	439
86.501	447
86.552	448
86.602	466
86.652	473
86.702	484
86.752	494
86.802	490
86.853	506
86.903	507
86.953	501
87.003	508
87.053	495
87.104	498
87.155	491
87.205	470
87.255	471
87.305	460
87.355	444
87.406	440
87.456	431
87.506	421
87.556	418
87.606	408
87.656	415
87.707	417
87.757	414
87.807	427
87.857	435
87.907	445
87.957	457
88.009	458
88.059	479
88.109	488
88.159	492
88.209	506
88.260	498
88.310	515
88.360	515
88.410	502
88.460	508
88.510	500
88.561	486
88.611	482
88.661	463
88.711	459
88.761	448
88.812	428
88.862	427
88.913	419
88.963	408
89.013	410
89.063	412
89.114	410
89.164	418
89.214	419
89.264	435
89.314	445
89.364	453
89.415	471
89.465	474
89.515	493
89.565	503
89.615	500
89.666	516
89.716	516
89.767	512
89.817	516
89.867	495
89.917	503
89.968	493
90.018	470
90.068	470
90.118	455
90.168	438
90.218	433
90.269	416
90.319	414
90.369	409
90.419	402
90.469	407
90.520	410
90.570	412
90.620	425
90.671	426
90.721	448
90.771	460
90.822	463
90.872	486
90.922	495
90.972	502
91.022	515
91.072	507
91.123	522
91.173	521
91.223	507
91.273	512
91.323	499
91.374	488
91.424	479
91.474	455
91.524	453
91.575	440
91.625	420
91.676	418
91.726	410
91.776	400
91.826	403
91.876	399
91.927	408
91.977	415
92.027	418
92.077	438
92.127	449
92.177	460
92.228	479
92.278	476
92.328	503
92.378	512
92.428	510
92.479	525
92.530	522
92.580	522
92.630	520
92.680	496
92.730	501
92.781	488
92.831	468
92.881	462
92.931	445
92.981	429
93.031	422
93.082	405
93.132	404
93.182	400
93.232	393
93.282	401
93.332	407
93.384	412
93.434	428
93.484	433
93.534	456
93.584	470
93.635	476
93.685	499
93.735	502
93.785	519
93.835	527
93.885	516
93.936	530
93.986	525
94.036	512
94.086	511
94.136	487
94.186	484
94.237	469
94.288	444
94.338	439
94.388	424
94.438	408
94.489	404
94.539	402
94.589	392
94.639	397
94.689	396
94.739	408
94.790	419
94.840	426
94.890	447
94.940	457
94.990	478
95.040	493
95.091	494
95.141	517
95.192	524
95.242	522
95.292	533
95.343	515
95.393	526
95.443	517
95.493	491
95.543	493
95.593	477
95.644	457
95.694	447
95.744	427
95.794	420
95.844	409
95.895	396
95.945	397
95.995	395
96.045	392
96.096	404
96.146	407
96.197	424
96.247	438
96.297	443
96.347	468
96.397	480
96.447	490
96.498	508
96.548	502
96.598	525
96.648	527
96.698	516
96.749	526
96.799	516
96.849	504
96.899	499
96.949	474
97.000	472
97.051	458
97.101	435
97.151	431
97.201	420
97.251	406
97.301	404
97.352	396
97.402	403
97.452	406
97.502	407
97.552	422
97.603	432
97.653	441
97.703	459
97.753	461
97.803	485
97.853	495
97.905	494
97.955	513
98.005	513
98.055	515
98.105	519
98.156	502
98.206	509
98.256	499
98.306	480
98.356	479
98.406	465
98.457	450
98.507	443
98.557	426
98.607	424
98.657	418
98.707	409
98.758	413
98.809	414
98.859	414
98.909	423
98.959	423
99.010	441
99.060	451
99.110	454
99.160	473
99.210	479
99.260	489
99.311	500
99.361	490
99.411	509
99.461	510
99.511	498
99.561	505
99.612	495
99.662	491
99.713	484
99.763	467
99.813	465
99.864	455
99.914	440
99.964	437
100.014	430
100.064	422
100.114	422
100.165	416
100.215	422
100.265	425
100.315	424
100.365	437
100.415	443
100.466	451
100.516	463
100.567	460
100.617	480
100.667	486
100.718	485
100.768	499
100.818	497
100.868	502
100.918	502
100.968	489
101.019	496
101.069	489
101.119	475
101.169	475
101.219	463
101.269	456
101.320	450
101.370	436
101.420	437
101.471	431
101.521	422
101.572	427
101.622	433
101.672	427
101.722	433
101.772	431
101.822	445
101.873	451
101.923	453
101.973	468
102.023	467
102.073	481
102.124	488
102.174	481
102.224	496
102.274	495
102.324	489
102.375	496
102.426	482
102.476	488
102.526	483
102.576	467
102.626	470
102.676	462
102.727	451
102.777	450
102.827	441
102.877	438
102.927	436
102.978	425
103.028	433
103.078	434
103.128	432
103.178	440
103.228	439
103.280	450
103.330	456
103.380	452
103.430	469
103.480	473
103.530	474
103.581	485
103.631	476
103.681	491
103.731	492
103.781	481
103.832	491
103.882	486
103.932	479
103.982	480
104.032	464
104.082	469
104.133	462
104.184	449
104.234	451
104.284	444
104.334	436
104.384	437
104.435	428
104.485	435
104.535	435
104.585	430
104.635	441
104.686	444
104.736	445
104.786	456
104.836	449
104.886	469
104.936	474
104.987	471
105.037	486
105.088	487
105.138	487
105.188	494
105.239	485
105.289	492
105.339	490
105.389	475
105.439	481
105.489	473
105.540	464
105.590	462
105.640	445
105.690	448
105.740	441
105.790	428
105.841	432
105.891	429
105.941	425
105.992	431
106.042	426
106.093	438
106.143	443
106.193	442
106.243	458
106.293	463
106.343	470
106.394	482
106.444	476
106.494	494
106.544	498
106.594	491
106.644	503
106.695	496
106.745	496
106.795	493
106.845	477
106.896	480
106.947	471
106.997	454
107.047	453
107.097	442
107.147	433
107.197	429
107.248	418
107.298	421
107.348	420
107.398	416
107.448	425
107.498	429
107.549	434
107.599	447
107.649	447
107.699	467
107.749	476
107.801	478
107.851	495
107.901	496
107.951	507
108.001	511
108.051	497
108.102	510
108.152	505
108.202	490
108.252	492
108.302	477
108.352	470
108.403	460
108.453	439
108.503	438
108.553	428
108.603	415
108.654	415
108.705	415
108.755	408
108.805	414
108.855	412
108.905	426
108.956	435
109.006	439
109.056	458
109.106	463
109.156	481
109.207	493
109.257	490
109.307	511
109.357	515
109.407	511
109.457	520
109.508	502
109.559	511
109.609	503
109.659	479
109.709	481
109.759	468
109.810	449
109.860	442
109.910	429
109.960	419
110.010	412
110.061	401
110.111	404
110.161	404
110.211	402
110.261	414
110.311	419
110.362	434
110.412	448
110.463	453
110.513	476
110.563	488
110.613	494
110.664	512
110.714	504
110.764	525
110.814	526
110.864	514
110.915	521
110.965	510
111.015	498
111.065	491
111.115	463
111.165	463
111.216	447
111.266	426
111.316	421
111.367	410
111.417	398
111.468	398
111.518	392
111.568	399
111.618	405
111.668	408
111.718	425
111.769	437
111.819	448
111.869	469
111.919	470
111.969	497
112.019	509
112.070	509
112.120	528
112.170	526
112.220	527
112.271	529
112.322	509
112.372	512
112.422	499
112.472	477
112.522	472
112.572	453
112.623	434
112.673	425
112.723	405
112.773	402
112.823	396
112.873	387
112.924	392
112.974	398
113.024	401
113.074	416
113.124	421
113.176	444
113.226	460
113.276	469
113.326	493
113.376	502
113.426	515
113.477	528
113.527	517
113.577	537
113.627	533
113.677	518
113.727	521
113.778	505
113.828	493
113.878	479
113.928	453
113.978	446
114.029	430
114.080	409
114.130	403
114.180	396
114.230	386
114.280	390
114.331	387
114.381	397
114.431	408
114.481	414
114.531	436
114.581	449
114.632	468
114.682	486
114.732	488
114.782	515
114.832	526
114.883	523
114.933	539
114.984	531
115.034	535
115.084	528
115.134	502
115.185	503
115.235	486
115.285	464
115.335	453
115.385	441
115.436	418
115.486	407
115.536	390
115.586	389
115.636	387
115.686	384
115.737	392
115.787	405
115.837	410
115.888	427
115.938	435
115.988	462
116.039	478
116.089	488
116.139	512
116.189	509
116.239	534
116.290	539
116.340	526
116.390	540
116.440	530
116.490	515
116.540	511
116.591	484
116.641	478
116.691	461
116.741	436
116.792	425
116.842	411
116.893	394
116.943	390
116.993	383
117.043	383
117.093	387
117.144	390
117.194	406
117.244	420
117.294	431
117.344	454
117.394	460
117.445	489
117.495	506
117.545	507
117.595	531
117.645	535
117.696	537
117.747	543
117.797	522
117.847	529
117.897	517
117.947	490
117.998	486
118.048	467
118.098	444
118.148	432
118.198	410
118.248	402
118.299	392
118.349	380
118.399	382
118.449	385
118.499	385
118.549	400
118.601	407
118.651	428
118.701	446
118.751	456
118.801	483
118.852	497
118.902	510
118.952	529
119.002	522
119.052	543
119.102	543
119.153	529
119.203	535
119.253	519
119.303	506
119.353	493
119.404	463
119.454	457
119.505	439
119.555	416
119.605	407
119.655	397
119.706	384
119.756	383
119.806	379
119.856	386
119.906	395
119.956	402
120.007	422
120.057	438
120.107	453
120.157	476
120.207	479
120.258	510
120.308	523
120.359	524
120.409	541
120.459	538
120.509	540
120.560	537
120.610	514
120.660	516
120.710	500
120.760	475
120.810	465
120.861	445
120.911	424
120.961	413
121.011	394
121.061	390
121.112	385
121.162	378
121.212	385
121.263	393
121.313	397
121.363	415
121.414	424
121.464	449
121.514	467
121.564	476
121.614	503
121.664	510
121.715	528
121.765	538
121.815	524
121.865	543
121.915	538
121.966	524
122.016	521
122.066	500
122.116	489
122.167	473
122.217	446
122.268	437
122.318	420
122.368	401
122.418	396
122.468	401
122.519	380
122.569	385
122.619	384
122.669	398
122.719	411
122.769	418
122.820	442
122.870	454
122.920	477
122.970	495
123.020	495
123.071	524
123.122	532
123.172	532
123.222	543
123.272	524
123.322	535
123.373	526
123.423	502
123.473	498
123.523	479
123.573	457
123.623	445
123.674	423
123.724	412
123.774	400
123.824	386
123.874	385
123.924	385
123.976	384
124.026	394
124.076	403
124.126	418
124.176	435
124.227	443
124.277	471
124.327	487
124.377	498
124.427	519
124.477	512
124.528	538
124.578	542
124.628	529
124.678	538
124.728	526
124.778	513
124.829	504
124.880	473
124.930	470
124.980	451
125.030	426
125.081	417
125.131	403
125.181	388
125.231	385
125.281	380
125.331	384
125.382	389
125.432	394
125.482	411
125.532	427
125.582	440
125.632	463
125.683	471
125.733	499
125.784	514
125.834	514
125.884	537
125.935	539
125.985	540
126.035	543
126.085	517
126.135	525
126.185	510
126.236	483
126.286	478
126.336	457
126.386	436
126.436	422
126.487	401
126.537	395
126.587	386
126.637	378
126.688	381
126.738	387
126.789	389
126.839	405
126.889	412
126.939	437
126.989	455
127.039	464
127.090	493
127.140	506
127.190	521
127.240	535
127.290	524
127.341	546
127.391	543
127.441	527
127.491	531
127.541	512
127.592	500
127.643	485
127.693	455
127.743	447
127.793	429
127.843	406
127.893	400
127.944	391
127.994	378
128.044	380
128.094	379
128.144	389
128.195	399
128.245	409
128.295	430
128.345	445
128.395	465
128.445	485
128.497	489
128.547	518
128.597	529
128.647	530
128.697	546
128.748	536
128.798	542
128.848	535
128.898	508
128.948	509
128.998	491
129.049	466
129.099	456
129.149	436
129.199	417
129.249	405
129.299	389
129.350	384
129.401	381
129.451	377
129.501	386
129.551	401
129.602	404
129.652	423
129.702	433
129.752	460
129.802	478
129.852	488
129.903	513
129.953	511
130.003	538
130.053	544
130.103	533
130.153	545
130.204	536
130.254	520
130.305	516
130.355	487
130.405	481
130.456	462
130.506	435
130.556	425
130.606	409
130.656	391
130.706	385
130.757	383
130.807	378
130.857	383
130.907	386
130.957	402
131.007	416
131.058	429
131.108	452
131.159	463
131.209	491
131.259	508
131.310	510
131.360	536
131.410	540
131.460	540
131.510	548
131.560	529
131.611	534
131.661	521
131.711	492
131.761	488
131.811	466
131.861	444
131.912	429
131.962	407
132.012	397
132.063	387
132.113	376
132.164	376
132.214	379
132.264	380
132.314	395
132.364	403
132.414	427
132.465	446
132.515	456
132.565	486
132.615	501
132.665	516
132.716	533
132.766	529
132.816	550
132.866	550
132.916	534
132.967	540
133.018	523
133.068	508
133.118	495
133.168	462
133.218	455
133.268	434
133.319	409
133.369	400
133.419	388
133.469	374
133.519	374
133.570	371
133.620	380
133.670	390
133.720	398
133.770	420
133.820	438
133.872	454
133.922	480
133.972	483
134.022	517
134.072	530
134.122	532
134.173	550
134.223	546
134.273	547
134.323	545
134.373	520
134.424	519
134.474	500
134.524	473
134.574	462
134.624	439
134.674	417
134.725	404
134.776	387
134.826	380
134.876	375
134.926	369
134.976	376
135.027	386
135.077	392
135.127	413
135.177	426
135.227	452
135.278	473
135.328	483
135.378	512
135.428	520
135.478	540
135.528	549
135.579	536
135.629	553
135.680	546
135.730	526
135.780	525
135.831	502
135.881	487
135.931	469
135.981	438
136.031	427
136.081	409
136.132	388
136.182	381
136.232	377
136.282	368
136.332	373
136.382	377
136.433	392
136.483	407
136.533	419
136.584	446
136.634	466
136.685	488
136.735	507
136.785	511
136.835	539
136.885	546
136.935	545
136.986	556
137.036	530
137.086	543
137.136	530
137.186	501
137.236	495
137.287	473
137.337	445
137.387	432
137.437	414
137.488	394
137.539	383
137.589	371
137.639	369
137.689	371
137.739	372
137.789	386
137.840	399
137.890	420
137.940	440
137.990	453
138.040	483
138.090	501
138.141	514
138.191	538
138.241	531
138.291	554
138.341	556
138.393	542
138.443	547
138.493	532
138.543	514
138.593	502
138.643	465
138.694	459
138.744	437
138.794	411
138.844	400
138.894	387
138.944	370
138.995	370
139.045	366
139.095	374
139.145	383
139.195	392
139.246	413
139.297	433
139.347	448
139.397	477
139.447	483
139.497	516
139.548	531
139.598	530
139.648	553
139.698	552
139.748	550
139.799	550
139.849	524
139.899	524
139.949	505
139.999	477
140.049	466
140.100	443
140.151	418
140.201	405
140.251	385
140.301	379
140.351	373
140.402	366
140.452	373
140.502	382
140.552	388
140.602	408
140.653	420
140.703	448
140.753	469
140.803	480
140.853	511
140.903	522
140.954	537
141.004	550
141.055	536
141.105	556
141.155	550
141.205	531
141.256	529
141.306	507
141.356	488
141.406	472
141.456	443
141.507	430
141.557	411
141.607	389
141.657	382
141.707	375
141.757	365
141.808	372
141.858	375
141.908	388
141.959	403
142.009	414
142.060	441
142.110	461
142.160	481
142.210	504
142.260	506
142.310	536
142.361	545
142.411	543
142.461	556
142.511	544
142.561	544
142.611	534
142.662	502
142.712	499
142.762	478
142.812	451
142.863	436
142.914	417
142.964	396
143.014	387
143.064	375
143.114	372
143.164	373
143.215	373
143.265	386
143.315	408
143.365	414
143.415	435
143.465	448
143.516	477
143.566	495
143.616	507
143.666	530
143.716	522
143.768	550
143.818	553
143.868	536
143.918	546
143.968	533
144.018	511
144.069	505
144.119	476
144.169	464
144.219	445
144.269	418
144.319	408
144.370	394
144.420	378
144.470	376
144.520	382
144.570	376
144.621	385
144.672	393
144.722	411
144.772	429
144.822	442
144.872	469
144.923	479
144.973	507
145.023	522
145.073	522
145.123	544
145.173	546
145.224	542
145.274	546
145.324	524
145.374	525
145.424	509
145.475	480
145.525	473
145.576	453
145.626	430
145.676	417
145.726	397
145.777	391
145.827	383
145.877	376
145.927	381
145.977	387
146.028	392
146.078	409
146.128	418
146.178	443
146.228	462
146.278	470
146.329	498
146.379	510
146.429	521
146.480	537
146.530	525
146.580	545
146.631	542
146.681	520
146.731	526
146.781	509
146.831	491
146.882	479
146.932	448
146.982	443
147.032	425
147.082	404
147.132	399
147.183	391
147.233	380
147.283	385
147.333	384
147.384	395
147.434	407
147.485	414
147.535	437
147.585	453
147.635	468
147.685	489
147.736	489
147.786	518
147.836	529
147.886	524
147.936	540
147.986	535
148.037	533
148.087	527
148.137	500
148.187	501
148.237	485
148.288	460
148.339	451
148.389	433
148.439	416
148.489	406
148.539	391
148.590	390
148.640	388
148.690	386
148.740	394
148.790	404
148.840	412
148.891	431
148.941	438
148.991	464
149.041	480
149.091	488
149.141	511
149.193	515
149.243	530
149.293	536
149.343	522
149.393	535
149.444	527
149.494	512
149.544	507
149.594	487
149.644	474
149.694	460
149.745	434
149.795	427
149.845	414
149.895	398
149.945	395
149.996	403
150.046	386
150.097	393
150.147	396
150.197	411
150.247	424
150.298	433
150.348	456
150.398	468
150.448	487
150.498	503
150.548	504
150.599	526
150.649	530
150.699	528
150.749	536
150.799	516
150.850	523
150.900	512
150.951	486
151.001	484
151.051	467
151.101	445
151.152	435
151.202	423
151.252	406
151.302	400
151.352	388
151.402	391
151.453	393
151.503	393
151.553	406
151.603	415
151.653	432
151.704	448
151.754	454
151.804	480
151.855	493
151.905	500
151.955	520
152.006	512
152.056	533
152.106	533
152.156	517
152.206	526
152.256	514
152.307	499
152.357	491
152.407	465
152.457	460
152.507	445
152.558	422
152.608	417
152.658	407
152.708	395
152.759	395
152.809	391
152.860	398
152.910	405
152.960	408
153.010	426
153.060	439
153.111	450
153.161	470
153.211	473
153.261	499
153.311	510
153.361	509
153.412	528
153.462	526
153.512	524
153.562	527
153.612	500
153.663	510
153.714	497
153.764	474
153.814	470
153.864	453
153.914	434
153.965	427
154.015	409
154.065	406
154.115	400
154.165	392
154.215	398
154.266	403
154.316	404
154.366	420
154.416	425
154.466	446
154.516	460
154.568	465
154.618	490
154.668	498
154.718	508
154.768	521
154.819	513
154.869	528
154.919	526
154.969	511
155.019	515
155.069	500
155.120	489
155.170	479
155.220	453
155.270	450
155.320	436
155.370	418
155.421	413
155.472	406
155.522	396
155.572	399
155.622	396
155.673	406
155.723	415
155.773	419
155.823	437
155.873	449
155.923	464
155.974	481
156.024	480
156.074	506
156.124	513
156.174	512
156.224	527
156.275	520
156.325	523
156.376	519
156.426	497
156.476	500
156.527	486
156.577	464
156.627	459
156.677	443
156.727	428
156.777	420
156.828	405
156.878	404
156.928	401
156.978	396
157.028	403
157.079	413
157.129	416
157.179	429
157.229	433
157.280	457
157.330	470
157.381	476
157.431	498
157.481	495
157.531	517
157.581	523
157.631	514
157.682	526
157.732	520
157.782	506
157.832	506
157.882	485
157.933	482
157.983	469
158.033	446
158.083	441
158.133	428
158.184	412
158.235	409
158.285	407
158.335	400
158.385	402
158.435	401
158.485	413
158.536	422
158.586	428
158.636	448
158.686	451
158.736	475
158.787	488
158.837	487
158.887	510
158.937	515
158.987	516
159.037	525
159.089	510
159.139	519
159.189	512
159.239	491
159.289	491
159.340	476
159.390	458
159.440	451
159.490	429
159.540	426
159.590	416
159.641	404
159.691	405
159.741	403
159.791	400
159.841	410
159.891	409
159.942	427
159.993	438
160.043	441
160.093	465
160.143	476
160.194	485
160.244	502
160.294	495
160.344	517
160.394	520
160.444	509
160.495	520
160.545	512
160.595	503
160.645	499
160.695	475
160.745	474
160.796	461
160.846	442
160.897	437
160.947	426
160.997	412
161.048	411
161.098	401
161.148	406
161.198	409
161.248	408
161.298	421
161.349	430
161.399	438
161.449	455
161.499	457
161.549	480
161.599	491
161.650	490
161.700	510
161.751	511
161.801	515
161.851	519
161.902	504
161.952	511
162.002	503
162.052	485
162.102	484
162.152	469
162.203	456
162.253	448
162.303	428
162.353	426
162.403	418
162.453	407
162.504	410
162.554	410
162.604	409
162.655	417
162.705	418
162.756	434
162.806	445
162.856	448
162.906	469
162.956	477
163.006	489
163.057	500
163.107	495
163.157	513
163.207	515
163.257	507
163.308	513
163.358	502
163.408	499
163.458	492
163.508	471
163.559	470
163.610	458
163.660	440
163.710	437
163.760	427
163.810	416
163.860	415
163.911	405
163.961	412
164.011	415
164.061	414
164.111	427
164.162	435
164.212	445
164.262	458
164.312	459
164.362	480
164.412	488
164.464	490
164.514	506
164.564	500
164.614	512
164.664	513
164.714	498
164.765	505
164.815	496
164.865	481
164.915	481
164.965	463
165.016	458
165.066	448
165.116	430
165.166	430
165.216	423
165.266	414
165.317	416
165.368	418
165.418	417
165.468	423
165.518	424
165.568	438
165.619	447
165.669	453
165.719	468
165.769	470
165.819	488
165.870	495
165.920	489
165.970	507
166.020	507
166.070	503
166.120	507
166.171	491
166.221	496
166.272	489
166.322	471
166.372	470
166.423	459
166.473	444
166.523	442
166.573	425
166.623	427
166.673	423
166.724	414
166.774	420
166.824	421
166.874	420
166.924	432
166.974	430
167.025	448
167.075	457
167.125	457
167.176	477
167.226	483
167.277	487
167.327	499
167.377	492
167.427	505
167.477	505
167.527	493
167.578	501
167.628	493
167.678	484
167.728	481
167.778	460
167.828	463
167.879	452
167.929	437
167.979	437
168.029	430
168.080	421
168.131	423
168.181	415
168.231	424
168.281	427
168.331	425
168.381	439
168.432	445
168.482	451
168.532	464
168.582	460
168.632	481
168.682	488
168.733	483
168.783	499
168.833	497
168.883	500
168.933	502
168.985	487
169.035	495
169.085	488
169.135	473
169.185	474
169.235	463
169.286	453
169.336	449
169.386	434
169.436	435
169.486	431
169.536	420
169.587	426
169.637	426
169.687	425
169.737	432
169.787	431
169.838	445
169.889	452
169.939	452
169.989	468
170.039	473
170.089	481
170.140	490
170.190	482
170.240	498
170.290	498
170.340	490
170.391	498
170.441	490
170.491	487
170.541	484
170.591	468
170.641	470
170.692	462
170.743	449
170.793	448
170.843	439
170.893	432
170.943	432
170.994	421
171.044	430
171.094	430
171.144	426
171.194	437
171.245	441
171.295	448
171.345	456
171.395	453
171.445	470
171.495	475
171.546	474
171.596	488
171.647	486
171.697	493
171.747	495
171.797	484
171.848	493
171.898	489
171.948	479
171.998	481
172.048	467
172.099	467
172.149	462
172.199	445
172.249	449
172.299	444
172.349	434
172.400	438
172.450	434
172.500	435
172.551	436
172.601	431
172.652	442
172.702	446
172.752	444
172.802	457
172.852	457
172.902	468
172.953	474
173.003	471
173.053	484
173.103	484
173.153	482
173.203	490
173.254	477
173.304	488
173.354	486
173.404	472
173.455	479
173.506	472
173.556	463
173.606	464
173.656	449
173.706	453
173.756	449
173.807	437
173.857	443
173.907	441
173.957	435
174.007	440
174.057	432
174.108	445
174.158	447
174.208	442
174.258	455
174.308	459
174.360	458
174.410	469
174.460	461
174.510	478
174.560	481
174.610	472
174.661	484
174.711	483
174.761	480
174.811	484
174.861	470
174.911	479
174.962	476
175.012	464
175.062	468
175.112	461
175.162	455
175.213	456
175.264	442
175.314	449
175.364	446
175.414	436
175.464	444
175.515	443
175.565	440
175.615	447
175.665	441
175.715	451
175.765	455
175.816	450
175.866	463
175.916	464
175.966	468
176.016	475
176.067	466
176.117	481
176.168	482
176.218	474
176.268	485
176.318	482
176.369	480
176.419	480
176.469	466
176.519	475
176.569	469
176.620	458
176.670	462
176.720	455
176.770	450
176.820	450
176.870	437
176.921	444
176.971	442
177.021	435
177.072	442
177.122	442
177.172	442
177.223	449
177.273	443
177.323	457
177.373	461
177.423	459
177.474	471
177.524	472
177.574	478
177.624	484
177.674	474
177.724	487
177.775	488
177.825	480
177.875	487
177.925	478
177.976	478
178.026	476
178.077	459
178.127	465
178.177	459
178.227	447
178.277	448
178.328	443
178.378	438
178.428	438
178.478	430
178.528	436
178.578	437
178.629	433
178.679	443
178.729	444
178.779	453
178.829	459
178.880	453
178.931	472
178.981	477
179.031	476
179.081	488
179.131	482
179.182	494
179.232	494
179.282	484
179.332	492
179.382	487
179.432	477
179.483	479
179.533	463
179.583	465
179.633	458
179.683	445
179.733	445
179.785	439
179.835	431
179.885	432
179.935	423
179.985	430
180.036	432
180.086	427
180.136	440
180.186	445
180.236	446
180.286	460
180.337	455
180.387	474
180.437	481
180.487	477
180.537	493
180.588	494
180.638	493
180.689	499
180.739	483
180.789	495
180.839	491
180.890	473
180.940	479
180.990	469
181.040	456
181.090	455
181.140	435
181.191	440
181.241	434
181.291	423
181.341	427
181.391	425
181.442	422
181.492	429
181.543	427
181.593	439
181.643	447
181.693	446
181.744	463
181.794	470
181.844	474
181.894	489
181.944	482
181.994	499
182.045	502
182.095	493
182.145	504
182.195	498
182.245	492
182.296	491
182.346	474
182.396	476
182.447	466
182.497	448
182.547	448
182.598	439
182.648	428
182.698	427
182.748	416
182.798	422
182.848	422
182.899	417
182.949	429
182.999	434
183.049	439
183.099	451
183.150	449
183.200	470
183.250	479
183.300	478
183.351	495
183.401	497
183.452	501
183.502	507
183.552	493
183.602	504
183.652	499
183.703	483
183.753	487
183.803	475
183.853	466
183.903	458
183.953	441
184.004	440
184.054	432
184.104	420
184.154	422
184.204	419
184.255	416
184.306	422
184.356	418
184.406	431
184.456	439
184.506	443
184.557	458
184.607	464
184.657	476
184.707	487
184.757	481
184.807	501
184.858	505
184.908	500
184.958	508
185.008	499
185.058	502
185.108	497
185.160	476
185.210	480
185.260	470
185.310	453
185.360	450
185.411	441
185.461	430
185.511	427
185.561	416
185.611	418
185.661	418
185.712	416
185.762	424
185.812	430
185.862	436
185.912	447
185.962	448
186.013	466
186.064	475
186.114	477
186.164	494
186.214	487
186.265	505
186.315	508
186.365	495
186.415	507
186.465	501
186.515	491
186.566	490
186.616	471
186.666	472
186.716	462
186.766	443
186.816	443
186.867	434
186.917	422
186.968	422
187.018	415
187.068	418
187.119	420
187.169	416
187.219	429
187.269	436
187.319	440
187.369	455
187.420	453
187.470	475
187.520	483
187.570	480
187.620	499
187.671	501
187.721	501
187.771	509
187.821	493
187.872	504
187.922	498
187.973	482
188.023	483
188.073	472
188.123	459
188.173	454
188.223	436
188.274	436
188.324	429
188.374	417
188.424	420
188.474	419
188.525	416
188.575	423
188.625	421
188.675	435
188.725	443
188.776	445
188.827	463
188.877	470
188.927	480
188.977	490
189.027	483
189.077	503
189.128	505
189.178	497
189.228	507
189.278	500
189.328	496
189.379	493
189.429	472
189.479	476
189.529	466
189.579	446
189.629	447
189.681	437
189.731	426
189.781	425
189.831	416
189.881	420
189.932	420
189.982	417
190.032	428
190.082	433
190.132	437
190.182	452
190.233	450
190.283	470
190.333	479
190.383	478
190.433	496
190.483	495
190.534	503
190.585	507
190.635	493
190.685	504
190.735	499
190.786	484
190.836	486
190.886	473
190.936	465
190.986	458
191.036	439
191.087	440
191.137	432
191.187	420
191.237	421
191.287	420
191.337	416
191.388	423
191.438	420
191.489	433
191.539	440
191.589	444
191.640	459
191.690	465
191.740	476
191.790	486
191.840	481
191.890	500
191.941	503
191.991	498
192.041	507
192.091	496
192.141	500
192.191	494
192.242	475
192.292	479
192.343	469
192.393	453
192.443	452
192.494	447
192.544	433
192.594	429
192.644	418
192.694	422
192.744	421
192.795	419
192.845	427
192.895	431
192.945	438
192.995	447
193.045	448
193.096	465
193.146	474
193.196	476
193.247	491
193.297	486
193.348	501
193.398	504
193.448	494
193.498	504
193.548	499
193.598	488
193.649	489
193.699	473
193.749	472
193.799	464
193.849	445
193.900	446
193.950	438
194.000	426
194.050	427
194.100	423
194.151	422
194.202	424
194.252	420
194.302	432
194.352	438
194.402	440
194.452	454
194.503	453
194.553	471
194.603	479
194.653	475
194.703	493
194.754	496
194.804	495
194.854	503
194.904	488
194.954	500
195.004	495
195.056	480
195.106	483
195.156	473
195.206	462
195.256	459
195.306	441
195.357	442
195.407	437
195.457	424
195.507	428
195.557	426
195.608	422
195.658	428
195.708	424
195.758	437
195.808	443
195.858	443
195.909	459
195.960	465
196.010	470
196.060	482
196.110	476
196.160	493
196.211	496
196.261	489
196.311	500
196.361	494
196.411	491
196.462	490
196.512	472
196.562	479
196.612	471
196.662	454
196.712	456
196.763	447
196.813	438
196.864	437
196.914	424
196.964	431
197.015	430
197.065	424
197.115	433
197.165	435
197.215	437
197.265	447
197.316	446
197.366	461
197.416	468
197.466	467
197.516	483
197.566	484
197.617	488
197.667	495
197.717	484
197.768	496
197.818	494
197.869	482
197.919	487
197.969	478
198.019	473
198.069	469
198.119	453
198.170	456
198.220	449
198.270	434
198.320	439
198.370	434
198.420	430
198.471	432
198.521	426
198.571	435
198.621	439
198.672	437
198.723	450
198.773	453
198.823	460
198.873	469
198.923	464
198.973	481
199.024	485
199.074	480
199.124	493
199.174	487
199.224	494
199.274	493
199.325	478
199.375	486
199.425	480
199.475	468
199.525	469
199.577	457
199.627	455
199.677	451
199.727	435
199.777	440
199.827	436
199.878	428
199.928	434
199.978	434
200.028	434
200.078	440
200.128	436
200.179	449
200.229	455
200.279	456
200.329	468
200.379	467
200.430	480
200.481	485
200.531	476
200.581	492
200.631	492
200.681	486
200.732	492
200.782	479
200.832	486
200.882	481
200.932	465
200.983	470
201.033	462
201.083	451
201.133	450
201.183	439
201.233	440
201.284	436
201.335	427
201.385	433
201.435	433
201.485	430
201.535	438
201.586	435
201.636	448
201.686	456
201.736	453
201.786	468
201.837	473
201.887	474
201.937	486
201.987	477
202.037	494
202.087	494
202.138	483
202.188	494
202.239	489
202.289	481
202.339	482
202.389	467
202.440	469
202.490	462
202.540	448
202.590	449
202.640	442
202.691	433
202.741	434
202.791	424
202.841	431
202.891	432
202.941	426
202.992	438
203.042	442
203.092	444
203.143	456
203.193	453
203.244	470
203.294	476
203.344	474
203.394	489
203.444	489
203.494	492
203.545	497
203.595	485
203.645	495
203.695	492
203.745	480
203.795	483
203.846	473
203.896	464
203.946	461
203.996	445
204.047	447
204.098	440
204.148	429
204.198	432
204.248	428
204.298	425
204.348	430
204.399	426
204.449	437
204.499	443
204.549	442
204.599	457
204.649	462
204.700	470
204.750	480
204.800	474
204.850	492
204.900	495
204.952	490
205.002	499
205.052	495
205.102	495
205.152	493
205.202	475
205.253	481
205.303	473
205.353	458
205.403	458
205.453	447
205.503	440
205.554	438
205.604	424
205.654	429
205.704	427
205.754	421
205.805	429
205.856	431
205.906	435
205.956	444
206.006	443
206.056	460
206.107	467
206.157	467
206.207	483
206.257	484
206.307	494
206.357	499
206.408	488
206.458	501
206.508	498
206.558	488
206.608	492
206.659	475
206.709	478
206.760	471
206.810	451
206.860	454
206.910	446
206.961	432
207.011	434
207.061	430
207.111	425
207.161	426
207.212	420
207.262	430
207.312	434
207.362	434
207.412	448
207.462	447
207.513	463
207.563	472
207.613	470
207.664	487
207.714	491
207.764	490
207.815	500
207.865	487
207.915	500
207.965	498
208.015	485
208.066	489
208.116	481
208.166	469
208.216	467
208.266	450
208.316	451
208.367	443
208.417	429
208.467	432
208.517	428
208.568	421
208.618	426
208.669	421
208.719	432
208.769	437
208.819	436
208.869	451
208.920	457
208.970	462
209.020	475
209.070	469
209.120	488
209.170	494
209.221	484
209.271	500
209.321	498
209.371	495
209.421	496
209.472	480
209.523	486
209.573	479
209.623	463
209.673	464
209.723	454
209.774	443
209.824	442
209.874	429
209.924	431
209.974	428
210.024	421
210.075	428
210.125	430
210.175	430
210.225	440
210.275	437
210.325	454
210.377	461
210.427	461
210.477	477
210.527	480
210.577	486
210.628	495
210.678	485
210.728	499
210.778	498
210.828	488
210.878	494
210.929	486
210.979	480
211.029	477
211.079	458
211.129	461
211.180	453
211.230	438
211.281	440
211.331	434
211.381	426
211.431	429
211.482	421
211.532	430
211.582	433
211.632	430
211.682	443
211.732	447
211.783	453
211.833	464
211.883	461
211.933	479
211.983	485
212.034	481
212.084	496
212.135	493
212.185	496
212.235	498
212.285	482
212.336	491
212.386	486
212.436	472
212.486	474
212.536	463
212.586	456
212.637	452
212.687	436
212.737	440
212.787	435
212.837	426
212.888	431
212.938	430
212.988	429
213.039	435
213.089	433
213.139	446
213.190	451
213.240	451
213.290	465
213.340	469
213.390	478
213.440	485
213.491	477
213.541	493
213.591	494
213.641	489
213.691	495
213.742	483
213.792	488
213.842	485
213.892	466
213.943	472
213.993	465
214.044	452
214.094	453
214.144	444
214.194	440
214.244	438
214.295	426
214.345	434
214.395	434
214.445	430
214.495	438
214.545	439
214.596	447
214.646	453
214.696	451
214.746	466
214.796	471
214.847	470
214.898	483
214.948	478
214.998	491
215.048	493
215.098	482
215.149	492
215.199	489
215.249	482
215.299	483
215.349	468
215.399	472
215.450	466
215.500	452
215.550	454
215.600	447
215.650	438
215.700	439
215.752	427
215.802	435
215.852	434
215.902	428
215.952	438
216.003	441
216.053	443
216.103	453
216.153	448
216.203	465
216.253	471
216.304	467
216.354	482
216.404	483
216.454	484
216.504	492
216.554	480
216.605	492
216.656	490
216.706	478
216.756	484
216.806	477
216.857	468
216.907	467
216.957	450
217.007	455
217.057	449
217.107	436
217.158	440
217.208	436
217.258	430
217.308	435
217.358	428
217.408	438
217.459	442
217.509	438
217.560	451
217.610	455
217.660	459
217.711	470
217.761	464
217.811	481
217.861	484
217.911	479
217.961	492
218.012	489
218.062	490
218.112	491
218.162	476
218.212	485
218.263	479
218.313	466
218.363	469
218.413	459
218.464	452
218.514	449
218.565	434
218.615	440
218.665	436
218.715	427
218.765	433
218.815	433
218.866	433
218.916	440
218.966	436
219.016	450
219.066	456
219.117	454
219.167	470
219.217	472
219.267	480
219.317	487
219.368	477
219.419	494
219.469	494
219.519	486
219.569	494
219.619	486
219.669	485
219.720	481
219.770	466
219.820	469
219.870	461
219.920	448
219.971	448
220.021	441
220.071	436
220.121	435
220.171	425
220.221	432
220.273	433
220.323	429
220.373	440
220.423	442
220.473	448
220.524	456
220.574	453
220.624	469
220.674	475
220.724	474
220.774	487
220.825	479
220.875	493
220.925	495
220.975	482
221.025	493
221.075	489
221.126	480
221.177	481
221.227	467
221.277	468
221.327	462
221.378	448
221.428	450
221.478	443
221.528	434
221.578	437
221.628	431
221.679	434
221.729	435
221.779	429
221.829	441
221.879	444
221.929	444
221.980	456
222.030	453
222.081	468
222.131	475
222.181	470
222.232	485
222.282	486
222.332	486
222.382	493
222.432	480
222.482	491
222.533	488
222.583	474
222.633	480
222.683	474
222.733	464
222.783	463
222.834	447
222.884	452
222.935	446
222.985	434
223.035	438
223.086	436
223.136	429
223.186	435
223.236	430
223.286	440
223.336	444
223.387	440
223.437	455
223.487	459
223.537	463
223.587	473
223.637	468
223.688	484
223.738	487
223.788	480
223.839	492
223.889	490
223.940	487
223.990	490
224.040	476
224.090	482
224.140	477
224.190	462
224.241	465
224.291	457
224.341	448
224.391	447
224.441	432
224.492	438
224.542	436
224.592	426
224.642	434
224.692	435
224.743	434
224.794	442
224.844	438
224.894	453
224.944	459
224.994	457
225.044	472
225.095	476
225.145	480
225.195	488
225.245	479
225.295	493
225.346	494
225.396	485
225.446	492
225.496	484
225.546	481
225.596	478
225.648	461
225.698	465
225.748	458
225.798	444
225.848	446
225.898	439
225.949	433
225.999	434
226.049	424
226.099	432
226.149	434
226.200	430
226.250	441
226.300	444
226.350	450
226.400	459
226.450	457
226.501	474
226.552	479
226.602	477
226.652	491
226.702	489
226.752	495
226.803	497
226.853	485
226.903	493
226.953	489
227.003	478
227.054	478
227.104	467
227.154	462
227.204	456
227.254	441
227.304	442
227.355	437
227.405	426
227.456	430
227.506	428
227.556	426
227.607	431
227.657	427
227.707	440
227.757	446
227.807	448
227.857	462
227.908	463
227.958	476
228.008	484
228.058	478
228.108	495
228.158	497
228.209	493
228.259	500
228.309	489
228.360	495
228.410	490
228.461	473
228.511	477
228.561	468
228.611	454
228.661	453
228.711	442
228.762	438
228.812	433
228.862	422
228.912	426
228.962	426
229.012	422
229.063	431
229.113	429
229.163	442
229.213	449
229.264	446
229.315	465
229.365	472
229.415	475
229.465	488
229.515	479
229.565	499
229.616	501
229.666	494
229.716	502
229.766	496
229.816	488
229.866	490
229.917	469
229.967	473
230.017	464
230.067	447
230.117	448
230.169	439
230.219	428
230.269	428
230.319	419
230.369	423
230.419	424
230.470	420
230.520	432
230.570	436
230.620	440
230.670	453
230.720	452
230.771	470
230.821	479
230.871	476
230.921	493
230.971	495
231.022	497
231.073	503
231.123	489
231.173	501
231.223	496
231.273	482
231.324	484
231.374	475
231.424	464
231.474	460
231.524	442
231.575	444
231.625	437
231.675	424
231.725	427
231.775	425
231.825	420
231.876	427
231.927	424
231.977	436
232.027	442
232.077	443
232.127	458
232.178	463
232.228	471
232.278	481
232.328	477
232.378	494
232.429	496
232.479	488
232.529	500
232.579	494
232.629	492
232.679	491
232.730	476
232.780	480
232.831	471
232.881	458
232.931	458
232.981	449
233.032	440
233.082	439
233.132	426
233.182	433
233.232	431
233.283	425
233.333	434
233.383	437
233.433	440
233.483	448
233.533	447
233.584	461
233.634	467
233.684	465
233.735	479
233.785	480
233.836	486
233.886	489
233.936	479
233.986	491
234.036	488
234.086	479
234.137	484
234.187	475
234.237	474
234.287	469
234.337	454
234.387	459
234.438	454
234.488	442
234.538	447
234.588	443
234.639	441
234.690	443
234.740	435
234.790	445
234.840	446
234.890	443
234.940	453
234.991	453
235.041	460
235.091	465
235.141	458
235.191	472
235.241	473
235.292	470
235.342	478
235.392	471
235.442	480
235.492	480
235.544	468
235.594	477
235.644	473
235.694	466
235.744	470
235.794	462
235.845	466
235.895	463
235.945	451
235.995	459
236.045	456
236.095	449
236.146	455
236.196	445
236.246	453
236.296	453
236.346	445
236.397	454
236.448	454
236.498	450
236.548	458
236.598	451
236.648	461
236.699	463
236.749	455
236.799	466
236.849	466
236.899	464
236.949	471
237.000	463
237.050	474
237.100	474
237.150	468
237.200	476
237.251	474
237.301	470
237.352	475
237.402	461
237.452	471
237.502	469
237.553	456
237.603	464
237.653	459
237.703	454
237.753	456
237.804	445
237.854	451
237.904	449
237.954	441
238.004	448
238.054	446
238.105	444
238.155	451
238.205	444
238.256	455
238.306	458
238.356	453
238.407	467
238.457	468
238.507	469
238.557	477
238.607	470
238.658	483
238.708	484
238.758	477
238.808	485
238.858	481
238.908	477
238.959	479
239.009	465
239.059	471
239.109	466
239.160	454
239.210	456
239.261	450
239.311	444
239.361	445
239.411	434
239.461	440
239.512	439
239.562	434
239.612	441
239.662	442
239.712	444
239.762	452
239.813	448
239.863	463
239.913	467
239.963	465
240.013	479
240.064	479
240.115	484
240.165	489
240.215	480
240.265	491
240.315	489
240.366	480
240.416	485
240.466	476
240.516	474
240.566	470
240.616	454
240.667	458
240.717	452
240.767	439
240.817	443
240.867	443
240.917	434
240.969	435
241.019	429
241.069	436
241.119	439
241.169	437
241.220	449
241.270	455
241.320	457
241.370	466
241.420	465
241.470	478
241.521	482
241.571	479
241.621	491
241.671	484
241.721	493
241.772	493
241.822	480
241.873	488
241.923	482
241.973	472
242.023	472
242.074	461
242.124	458
242.174	453
242.224	440
242.274	443
242.324	438
242.375	428
242.425	434
242.475	433
242.525	434
242.575	438
242.626	434
242.676	447
242.727	452
242.777	452
242.827	465
242.877	466
242.928	476
242.978	482
243.028	477
243.078	490
243.128	490
243.178	486
243.229	493
243.279	479
243.329	488
243.379	484
243.429	469
243.480	473
243.530	466
243.580	456
243.631	456
243.681	441
243.731	445
243.782	441
243.832	430
243.882	437
243.932	435
243.982	432
244.032	439
244.083	434
244.133	446
244.183	451
244.233	450
244.283	463
244.334	466
244.384	469
244.434	479
244.484	473
244.535	487
244.585	489
244.636	480
244.686	490
244.736	486
244.786	482
244.836	484
244.887	467
244.937	474
244.987	469
245.037	457
245.087	459
245.137	453
245.188	445
245.238	446
245.288	435
245.338	441
245.388	439
245.439	431
245.490	440
245.540	442
245.590	442
245.640	450
245.690	444
245.741	459
245.791	464
245.841	460
245.891	474
245.941	475
245.991	478
246.042	484
246.092	473
246.142	487
246.192	486
246.242	477
246.292	483
246.344	478
246.394	474
246.444	473
246.494	459
246.544	465
246.595	460
246.645	449
246.695	452
246.745	446
246.795	442
246.845	443
246.896	433
246.946	443
246.996	442
247.046	439
247.096	447
247.146	447
247.197	452
247.248	459
247.298	453
247.348	467
247.398	471
247.449	467
247.499	479
247.549	477
247.599	482
247.649	485
247.699	474
247.750	485
247.800	483
247.850	474
247.900	479
247.950	468
248.000	469
248.051	467
248.101	453
248.152	457
248.202	452
248.252	443
248.303	448
248.353	443
248.403	441
248.453	442
248.503	434
248.553	445
248.604	445
248.654	442
248.704	453
248.754	447
248.804	460
248.855	465
248.905	461
248.955	474
249.005	476
249.056	474
249.106	484
249.157	475
249.207	486
249.257	486
249.307	473
249.357	483
249.407	479
249.458	469
249.508	472
249.558	461
249.608	464
249.658	459
249.709	444
249.759	450
249.809	446
249.859	438
249.909	442
249.960	435
250.011	442
250.061	443
250.111	437
250.161	448
250.211	450
250.261	451
250.312	460
250.362	454
250.412	469
250.462	474
250.512	469
250.563	482
250.613	483
250.663	481
250.713	488
250.763	475
250.813	486
250.865	484
250.915	471
250.965	478
251.015	472
251.065	463
251.116	464
251.166	448
251.216	454
251.266	450
251.316	437
251.366	443
251.417	440
251.467	435
251.517	440
251.567	434
251.617	444
251.667	446
251.718	442
251.769	455
251.819	458
251.869	461
251.919	470
251.970	463
252.020	479
252.070	482
252.120	478
252.170	488
252.220	486
252.271	485
252.321	487
252.371	474
252.421	481
252.471	477
252.521	464
252.572	469
252.622	461
252.673	454
252.723	453
252.773	439
252.824	445
252.874	443
252.924	434
252.974	440
253.024	439
253.074	438
253.125	444
253.175	437
253.225	450
253.275	454
253.325	452
253.375	465
253.426	467
253.476	471
253.527	479
253.577	471
253.627	486
253.678	486
253.728	478
253.778	488
253.828	482
253.878	482
253.928	481
253.979	466
254.029	472
254.079	467
254.129	456
254.179	459
254.229	451
254.280	448
254.330	446
254.380	436
254.431	442
254.481	441
254.532	434
254.582	442
254.632	443
254.682	445
254.732	452
254.782	446
254.833	460
254.883	464
254.933	464
254.983	474
255.033	474
255.084	480
255.134	484
255.184	476
255.234	486
255.284	485
255.335	477
255.386	483
255.436	476
255.486	474
255.536	474
255.586	460
255.636	465
255.687	460
255.737	449
255.787	453
255.837	446
255.887	445
255.938	445
255.988	436
256.038	443
256.088	444
256.138	440
256.188	449
256.240	447
256.290	454
256.340	459
256.390	452
256.440	467
256.490	470
256.541	467
256.591	478
256.641	470
256.691	482
256.741	483
256.792	473
256.842	483
256.892	480
256.942	474
256.992	478
257.042	465
257.093	471
257.144	468
257.194	456
257.244	460
257.294	455
257.344	446
257.395	450
257.445	439
257.495	446
257.545	445
257.595	439
257.646	446
257.696	446
257.746	444
257.796	452
257.846	445
257.896	459
257.947	463
257.997	458
258.048	470
258.098	473
258.148	473
258.199	480
258.249	472
258.299	483
258.349	483
258.399	473
258.449	483
258.500	479
258.550	473
258.600	475
258.650	460
258.700	468
258.750	463
258.801	450
258.851	455
258.901	450
258.952	442
259.002	446
259.053	433
259.103	442
259.153	443
259.203	437
259.253	445
259.303	447
259.354	448
259.404	456
259.454	451
259.504	465
259.554	469
259.604	465
259.655	478
259.705	479
259.755	481
259.805	487
259.856	474
259.907	488
259.957	486
260.007	475
260.057	482
260.107	475
260.157	470
260.208	469
260.258	454
260.308	458
260.358	452
260.408	441
260.458	445
260.509	439
260.559	436
260.609	438
260.659	432
260.709	439
260.761	441
260.811	439
260.861	451
260.911	453
260.961	458
261.011	467
261.062	460
261.112	478
261.162	482
261.212	477
261.262	490
261.312	487
261.363	490
261.413	491
261.463	476
261.513	486
261.563	481
261.614	469
261.665	472
261.715	463
261.765	456
261.815	454
261.865	438
261.916	443
261.966	438
262.016	429
262.066	434
262.116	433
262.167	432
262.217	438
262.267	434
262.317	448
262.367	453
262.417	451
262.468	466
262.519	467
262.569	477
262.619	484
262.669	476
262.719	491
262.770	493
262.820	487
262.870	495
262.920	484
262.970	488
263.021	485
263.071	470
263.121	473
263.171	465
263.221	452
263.271	453
263.322	444
263.372	441
263.423	438
263.473	427
263.523	433
263.573	432
263.624	429
263.674	437
263.724	439
263.774	445
263.824	452
263.875	449
263.925	465
263.975	470
264.025	471
264.075	483
264.125	475
264.176	491
264.226	494
264.276	482
264.327	494
264.377	490
264.428	482
264.478	485
264.528	471
264.578	474
264.628	467
264.678	452
264.729	455
264.779	448
264.829	438
264.879	440
264.929	430
264.979	435
265.030	435
265.080	428
265.130	438
265.180	441
265.231	441
265.282	452
265.332	448
265.382	464
265.432	469
265.482	465
265.532	480
265.583	482
265.633	482
265.683	490
265.733	479
265.783	491
265.833	489
265.884	478
265.934	484
265.984	477
266.034	469
266.084	469
266.136	453
266.186	459
266.236	453
266.286	441
266.336	445
266.386	441
266.437	436
266.487	439
266.537	431
266.587	441
266.637	444
266.687	439
266.738	451
266.788	454
266.838	456
266.888	466
266.938	459
266.989	475
267.040	478
267.090	474
267.140	485
267.190	483
267.240	483
267.291	487
267.341	473
267.391	483
267.441	480
267.491	468
267.541	473
267.592	466
267.642	460
267.692	460
267.742	446
267.792	452
267.843	448
267.893	439
267.944	444
267.994	441
268.044	440
268.094	445
268.145	437
268.195	449
268.245	451
268.295	448
268.345	460
268.396	460
268.446	466
268.496	472
268.546	465
268.596	479
268.646	481
268.697	475
268.747	484
268.797	479
268.848	482
268.898	482
268.948	469
268.999	477
269.049	473
269.099	462
269.149	467
269.199	462
269.250	457
269.300	454
269.350	442
269.400	449
269.450	446
269.500	440
269.551	444
269.601	442
269.651	445
269.701	448
269.752	441
269.802	454
269.853	457
269.903	454
269.953	465
270.003	462
270.053	473
270.104	477
270.154	469
270.204	482
270.254	483
270.304	478
270.354	485
270.405	476
270.455	482
270.505	480
270.555	465
270.605	473
270.656	467
270.707	457
270.757	460
270.807	447
270.857	451
270.907	448
270.958	438
271.008	443
271.058	441
271.108	436
271.158	443
271.208	436
271.259	447
271.309	450
271.359	444
271.409	459
271.459	463
271.509	462
271.561	473
271.611	465
271.661	481
271.711	484
271.761	475
271.812	488
271.862	486
271.912	481
271.962	485
272.012	469
272.062	479
272.113	474
272.163	460
272.213	464
272.263	458
272.313	450
272.364	450
272.414	437
272.465	443
272.515	441
272.565	432
272.615	439
272.666	439
272.716	437
272.766	446
272.816	441
272.866	454
272.916	459
272.967	456
273.017	470
273.067	473
273.117	476
273.167	484
273.218	475
273.268	489
273.319	490
273.369	481
273.419	488
273.469	484
273.520	478
273.570	479
273.620	463
273.670	468
273.720	463
273.770	448
273.821	453
273.871	446
273.921	440
273.971	440
274.021	431
274.072	438
274.122	438
274.172	432
274.223	443
274.273	444
274.323	448
274.374	456
274.424	452
274.474	466
274.524	471
274.574	468
274.624	482
274.675	482
274.725	485
274.775	490
274.825	477
274.875	490
274.926	487
274.976	476
275.026	481
275.076	474
275.127	469
275.177	467
275.228	452
275.278	456
275.328	450
275.378	438
275.428	443
275.479	439
275.529	436
275.579	439
275.629	431
275.679	441
275.729	444
275.780	442
275.830	453
275.880	454
275.930	462
275.980	468
276.031	463
276.082	478
276.132	482
276.182	479
276.232	488
276.282	483
276.333	489
276.383	488
276.433	477
276.483	484
276.533	478
276.583	468
276.634	470
276.684	459
276.734	458
276.784	455
276.834	441
276.884	446
276.936	443
276.986	434
277.036	440
277.086	439
277.136	440
277.187	443
277.237	438
277.287	450
277.337	453
277.387	453
277.437	463
277.488	461
277.538	473
277.588	478
277.638	470
277.688	485
277.738	485
277.789	481
277.840	488
277.890	479
277.940	485
277.990	482
278.041	467
278.091	474
278.141	468
278.191	458
278.241	460
278.291	446
278.342	451
278.392	447
278.442	436
278.492	443
278.542	441
278.592	436
278.643	443
278.693	436
278.744	447
278.794	451
278.844	444
278.895	459
278.945	462
278.995	462
279.045	473
279.095	465
279.145	480
279.196	482
279.246	476
279.296	486
279.346	484
279.396	481
279.447	484
279.497	470
279.547	479
279.597	474
279.648	460
279.698	466
279.749	459
279.799	452
279.849	453
279.899	442
279.949	446
279.999	444
280.050	435
280.100	442
280.150	442
280.200	440
280.250	447
280.301	440
280.351	453
280.401	457
280.451	452
280.501	466
280.552	468
280.603	470
280.653	479
280.703	471
280.753	484
280.803	485
280.853	476
280.904	486
280.954	482
281.004	479
281.054	480
281.104	465
281.155	472
281.205	468
281.255	454
281.305	459
281.355	451
281.405	448
281.457	447
281.507	436
281.557	443
281.607	442
281.657	436
281.708	443
281.758	444
281.808	445
281.858	452
281.908	446
281.958	461
282.009	465
282.059	462
282.109	475
282.159	474
282.209	481
282.259	485
282.310	475
282.361	488
282.411	487
282.461	478
282.511	484
282.562	477
282.612	475
282.662	472
282.712	458
282.762	463
282.812	457
282.863	445
282.913	448
282.963	447
283.013	440
283.063	439
283.113	431
283.164	439
283.214	439
283.265	438
283.315	446
283.365	451
283.416	454
283.466	462
283.516	457
283.566	472
283.616	477
283.666	474
283.717	487
283.767	478
283.817	491
283.867	492
283.917	480
283.967	489
284.018	485
284.068	476
284.119	477
284.169	463
284.219	464
284.270	459
284.320	443
284.370	447
284.420	442
284.470	432
284.520	436
284.571	431
284.621	434
284.671	436
284.721	430
284.771	442
284.821	447
284.872	448
284.922	460
284.972	455
285.023	473
285.073	479
285.124	474
285.174	490
285.224	491
285.274	488
285.324	496
285.374	485
285.425	492
285.475	489
285.525	473
285.575	479
285.625	471
285.676	459
285.726	458
285.776	441
285.826	445
285.876	439
285.927	428
285.978	432
286.028	430
286.078	426
286.128	433
286.178	428
286.228	441
286.279	447
286.329	445
286.379	460
286.429	466
286.479	470
286.530	482
286.580	474
286.630	492
286.680	495
286.730	485
286.780	498
286.832	494
286.882	489
286.932	491
286.982	473
287.032	478
287.082	471
287.133	455
287.183	457
287.233	447
287.283	438
287.333	437
287.384	426
287.434	430
287.484	429
287.534	422
287.584	432
287.634	435
287.685	437
287.736	448
287.786	444
287.836	462
287.886	468
287.936	470
287.987	484
288.037	487
288.087	490
288.137	497
288.187	486
288.238	499
288.288	496
288.338	485
288.388	490
288.438	480
288.488	474
288.539	469
288.589	449
288.640	454
288.690	447
288.740	433
288.791	435
288.841	430
288.891	425
288.941	428
288.991	421
289.041	432
289.092	436
289.142	436
289.192	450
289.242	454
289.292	462
289.342	472
289.393	467
289.443	486
289.493	491
289.544	486
289.594	499
289.645	494
289.695	498
289.745	497
289.795	480
289.845	488
289.895	481
289.946	466
289.996	467
290.046	456
290.096	449
290.146	444
290.196	430
290.247	433
290.297	430
290.347	423
290.397	428
290.448	431
290.499	432
290.549	439
290.599	436
290.649	452
290.699	459
290.749	461
290.800	475
290.850	473
290.900	488
290.950	494
291.000	484
291.050	499
291.101	498
291.151	491
291.201	496
291.251	479
291.301	485
291.353	479
291.403	462
291.453	464
291.503	455
291.553	442
291.603	442
291.654	431
291.704	432
291.754	430
291.804	422
291.854	430
291.904	431
291.955	430
292.005	441
292.055	439
292.105	455
292.155	462
292.206	459
292.257	477
292.307	482
292.357	482
292.407	493
292.457	483
292.508	498
292.558	497
292.608	487
292.658	493
292.708	486
292.759	476
292.809	477
292.859	459
292.909	462
292.959	455
293.009	440
293.060	442
293.111	437
293.161	428
293.211	431
293.261	424
293.311	431
293.362	434
293.412	430
293.462	443
293.512	448
293.562	451
293.613	464
293.663	459
293.713	477
293.763	484
293.813	478
293.863	494
293.914	493
293.964	493
294.015	497
294.065	482
294.115	492
294.165	487
294.216	473
294.266	475
294.316	466
294.366	456
294.416	454
294.467	437
294.517	440
294.567	435
294.617	426
294.667	430
294.717	429
294.768	428
294.818	434
294.868	430
294.919	444
294.969	451
295.020	450
295.070	466
295.120	470
295.170	476
295.220	487
295.270	478
295.321	496
295.371	498
295.421	489
295.471	498
295.521	492
295.571	489
295.622	486
295.672	468
295.722	473
295.772	465
295.823	450
295.874	450
295.924	441
295.974	434
296.024	433
296.074	421
296.124	428
296.175	428
296.225	425
296.275	434
296.325	438
296.375	443
296.425	453
296.476	449
296.526	469
296.576	476
296.626	474
296.676	491
296.728	492
296.778	497
296.828	501
296.878	489
296.928	500
296.978	495
297.029	482
297.079	485
297.129	473
297.179	468
297.229	462
297.279	443
297.330	445
297.380	437
297.430	426
297.480	428
297.530	426
297.581	422
297.632	426
297.682	421
297.732	435
297.782	441
297.832	443
297.883	457
297.933	460
297.983	474
298.033	483
298.083	478
298.133	497
298.184	499
298.234	495
298.284	505
298.334	492
298.384	501
298.435	495
298.485	477
298.536	481
298.586	471
298.636	457
298.686	455
298.737	443
298.787	438
298.837	432
298.887	420
298.937	423
298.988	421
299.038	418
299.088	426
299.138	425
299.188	437
299.238	445
299.289	445
299.339	464
299.389	471
299.440	475
299.490	490
299.540	484
299.591	502
299.641	505
299.691	495
299.741	507
299.791	501
299.842	493
299.892	493
299.942	473
299.992	476
300.042	466
300.092	448
300.143	446
300.193	437
300.243	426
300.293	425
300.344	414
300.394	419
300.445	420
300.495	418
300.545	427
300.595	433
300.645	438
300.696	451
300.746	452
300.796	471
300.846	481
300.896	479
300.946	498
300.997	499
301.047	504
301.097	510
301.147	495
301.197	507
301.248	501
301.299	486
301.349	487
301.399	476
301.449	464
301.499	458
301.550	440
301.600	438
301.650	430
301.700	416
301.750	420
301.800	418
301.851	414
301.901	420
301.951	419
302.001	432
302.051	440
302.101	442
302.153	460
302.203	467
302.253	477
302.303	490
302.353	484
302.404	504
302.454	507
302.504	502
302.554	510
302.604	502
302.654	501
302.705	496
302.755	476
302.805	480
302.855	468
302.905	450
302.956	449
303.006	438
303.057	428
303.107	425
303.157	413
303.207	418
303.258	418
303.308	416
303.358	425
303.408	431
303.458	436
303.508	448
303.559	450
303.609	469
303.659	478
303.709	480
303.759	496
303.810	496
303.860	505
303.911	509
303.961	496
304.011	508
304.061	502
304.112	488
304.162	490
304.212	476
304.262	469
304.312	461
304.362	443
304.413	442
304.463	434
304.513	420
304.563	422
304.613	422
304.664	416
304.714	421
304.764	418
304.815	430
304.865	438
304.915	441
304.966	457
305.016	461
305.066	476
305.116	485
305.166	483
305.216	500
305.267	503
305.317	500
305.367	508
305.417	494
305.467	503
305.518	498
305.568	480
305.618	482
305.668	471
305.719	456
305.769	454
305.820	441
305.870	436
305.920	430
305.970	419
306.020	421
306.071	421
306.121	416
306.171	425
306.221	423
306.271	437
306.321	446
306.372	444
306.422	464
306.472	472
306.522	476
306.572	490
306.623	483
306.674	502
306.724	505
306.774	494
306.824	505
306.874	500
306.925	492
306.975	491
307.025	471
307.075	475
307.125	465
307.175	448
307.226	448
307.276	439
307.326	428
307.376	428
307.426	416
307.476	423
307.528	423
307.578	420
307.628	431
307.678	436
307.728	440
307.779	453
307.829	451
307.879	470
307.929	479
307.979	476
308.029	494
308.080	495
308.130	499
308.180	504
308.230	489
308.280	502
308.330	497
308.381	483
308.432	485
308.482	475
308.532	465
308.582	460
308.633	443
308.683	443
308.733	436
308.783	424
308.833	427
308.883	424
308.934	421
308.984	426
309.034	421
309.084	435
309.134	442
309.184	443
309.235	459
309.285	464
309.336	472
309.386	483
309.436	478
309.487	496
309.537	499
309.587	493
309.637	503
309.687	496
309.737	496
309.788	494
309.838	474
309.888	480
309.938	471
309.988	457
310.039	454
310.089	444
310.139	436
310.189	434
310.240	420
310.290	426
310.341	425
310.391	420
310.441	429
310.491	433
310.541	436
310.591	447
310.642	446
310.692	463
310.742	471
310.792	470
310.842	488
310.893	487
310.943	497
310.993	501
311.043	491
311.093	502
311.144	498
311.195	486
311.245	490
311.295	475
311.345	474
311.395	467
311.445	448
311.496	450
311.546	442
311.596	430
311.646	432
311.696	428
311.747	424
311.797	426
311.847	420
311.897	432
311.947	436
311.997	437
312.049	451
312.099	454
312.149	467
312.199	476
312.249	473
312.300	490
312.350	494
312.400	493
312.450	502
312.500	492
312.550	500
312.601	497
312.651	482
312.701	486
312.751	478
312.801	465
312.851	463
312.902	445
312.953	447
313.003	440
313.053	427
313.103	430
313.154	427
313.204	420
313.254	427
313.304	422
313.354	434
313.404	440
313.455	439
313.505	455
313.555	462
313.605	466
313.655	480
313.705	475
313.756	493
313.806	497
313.857	491
313.907	502
313.957	499
314.008	493
314.058	495
314.108	477
314.158	483
314.208	475
314.258	458
314.309	458
314.359	449
314.409	438
314.459	436
314.509	424
314.559	428
314.610	426
314.660	420
314.711	428
314.761	431
314.811	432
314.862	444
314.912	442
314.962	460
315.012	468
315.062	467
315.112	484
315.163	489
315.213	493
315.263	500
315.313	491
315.363	503
315.413	500
315.464	487
315.514	493
315.564	484
315.615	475
315.665	472
315.716	450
315.766	454
315.816	446
315.866	431
315.916	432
315.966	428
316.017	422
316.067	424
316.117	418
316.167	429
316.217	434
316.268	434
316.318	448
316.368	454
316.418	461
316.468	473
316.519	470
316.570	489
316.620	494
316.670	492
316.720	503
316.770	499
316.820	500
316.871	500
316.921	483
316.971	490
317.021	482
317.071	468
317.122	466
317.172	455
317.222	448
317.272	442
317.322	428
317.372	430
317.424	426
317.474	418
317.524	425
317.574	427
317.624	428
317.674	437
317.725	436
317.775	453
317.825	459
317.875	461
317.925	478
317.976	479
318.026	491
318.076	497
318.126	490
318.176	503
318.226	501
318.277	494
318.328	498
318.378	486
318.428	485
318.478	479
318.528	460
318.579	462
318.629	452
318.679	440
318.729	438
318.779	431
318.830	426
318.880	425
318.930	417
318.980	426
319.030	429
319.080	429
319.131	441
319.181	445
319.232	456
319.282	465
319.332	464
319.383	483
319.433	488
319.483	488
319.533	500
319.583	490
319.633	502
319.684	502
319.734	486
319.784	495
319.834	487
319.884	477
319.934	474
319.985	455
320.035	456
320.085	449
320.136	432
320.186	435
320.237	430
320.287	422
320.337	426
320.387	421
320.437	429
320.487	433
320.538	430
320.588	445
320.638	452
320.688	456
320.738	470
320.788	465
320.839	485
320.889	490
320.939	484
320.989	499
321.040	498
321.091	494
321.141	499
321.191	483
321.241	490
321.291	484
321.341	467
321.392	470
321.442	460
321.492	450
321.542	448
321.592	433
321.642	436
321.693	433
321.743	424
321.793	431
321.843	431
321.893	429
321.945	438
321.995	434
322.045	450
322.095	456
322.145	457
322.195	471
322.246	476
322.296	479
322.346	489
322.396	480
322.446	495
322.496	495
322.547	485
322.597	494
322.647	487
322.697	483
322.747	481
322.798	464
322.849	468
322.899	461
322.949	445
322.999	448
323.049	441
323.100	434
323.150	436
323.200	425
323.250	433
323.300	435
323.351	430
323.401	441
323.451	444
323.501	448
323.551	458
323.601	455
323.652	471
323.703	477
323.753	474
323.803	488
323.853	487
323.903	491
323.954	495
324.004	482
324.054	493
324.104	489
324.154	478
324.205	480
324.255	470
324.305	465
324.355	462
324.405	445
324.455	448
324.506	442
324.556	432
324.607	436
324.657	433
324.707	430
324.757	435
324.808	429
324.858	441
324.908	445
324.958	444
325.008	458
325.059	462
325.109	469
325.159	478
325.209	473
325.259	489
325.309	491
325.360	487
325.410	496
325.460	489
325.511	493
325.561	490
325.612	476
325.662	481
325.712	473
325.762	460
325.812	460
325.862	450
325.913	445
325.963	442
326.013	428
326.063	433
326.113	431
326.163	425
326.214	433
326.264	435
326.314	438
326.364	446
326.415	443
326.466	459
326.516	465
326.566	467
326.616	481
326.666	476
326.716	492
326.767	495
326.817	488
326.867	499
326.917	496
326.967	488
327.017	491
327.068	475
327.118	480
327.168	472
327.218	455
327.268	458
327.320	450
327.370	438
327.420	437
327.470	425
327.520	430
327.570	428
327.621	422
327.671	431
327.721	434
327.771	435
327.821	447
327.871	444
327.922	461
327.972	469
328.022	468
328.072	485
328.122	488
328.173	491
328.224	499
328.274	487
328.324	502
328.374	499
328.424	486
328.475	492
328.525	483
328.575	472
328.625	470
328.675	450
328.725	453
328.776	445
328.826	430
328.876	432
328.926	427
328.976	422
329.027	425
329.077	420
329.128	430
329.178	435
329.228	435
329.278	449
329.329	456
329.379	461
329.429	475
329.479	470
329.529	490
329.580	496
329.630	490
329.680	503
329.730	500
329.780	500
329.830	501
329.881	481
329.931	490
329.981	481
330.032	465
330.082	464
330.132	453
330.183	443
330.233	439
330.283	423
330.333	428
330.383	424
330.434	416
330.484	424
330.534	426
330.584	427
330.634	437
330.684	436
330.735	454
330.785	462
330.835	465
330.885	481
330.936	485
330.986	494
331.037	501
331.087	490
331.137	506
331.187	505
331.237	494
331.288	499
331.338	487
331.388	483
331.438	477
331.488	456
331.538	458
331.589	448
331.639	433
331.689	432
331.739	433
331.789	420
331.840	421
331.891	414
331.941	423
331.991	428
332.041	427
332.091	441
332.142	451
332.192	459
332.242	470
332.292	468
332.342	489
332.392	495
332.443	495
332.493	507
332.543	496
332.593	508
332.643	506
332.693	489
332.745	496
332.795	486
332.845	471
332.895	469
332.945	454
332.996	448
333.046	439
333.096	423
333.146	425
333.196	420
333.246	412
333.297	417
333.347	415
333.397	424
333.447	431
333.497	432
333.548	449
333.598	459
333.649	464
333.699	481
333.749	479
333.799	498
333.850	505
333.900	498
333.950	513
334.000	510
334.050	503
334.100	505
334.151	485
334.201	490
334.251	480
334.301	459
334.351	458
334.402	446
334.452	431
334.503	428
334.553	415
334.603	416
334.653	413
334.704	408
334.754	415
334.804	421
334.854	424
334.904	438
334.954	438
335.005	459
335.055	471
335.105	472
335.155	493
335.205	499
335.256	504
335.306	514
335.356	504
335.407	516
335.457	513
335.507	495
335.558	500
335.608	488
335.658	475
335.708	468
335.758	448
335.808	444
335.859	433
335.909	417
335.959	417
336.009	412
336.059	404
336.110	410
336.160	407
336.210	419
336.260	427
336.311	430
336.361	449
336.412	460
336.462	470
336.512	486
336.562	484
336.612	506
336.663	513
336.713	509
336.763	521
336.813	515
336.863	512
336.913	510
336.964	486
337.014	490
337.064	477
337.114	458
337.164	452
337.215	438
337.266	424
337.316	418
337.366	403
337.416	406
337.466	405
337.517	400
337.567	410
337.617	418
337.667	424
337.717	439
337.767	443
337.818	466
337.868	479
337.918	484
337.968	504
338.018	506
338.068	519
338.120	526
338.170	511
338.220	523
338.270	517
338.320	500
338.371	500
338.421	482
338.471	472
338.521	460
338.571	438
338.621	432
338.672	421
338.722	406
338.772	404
338.822	413
338.872	397
338.922	403
338.973	403
339.024	418
339.074	429
339.124	434
339.174	457
