#Creator: pendulumdriveEventBuffer
#Creation time: Fri Apr  7 15:31:08 2017
#Time	Pos
#[s]	[au]
0.051	488
0.101	491
0.151	489
0.201	493
0.251	494
0.302	491
0.352	497
0.402	497
0.452	496
0.502	501
0.552	497
0.603	503
0.653	504
0.704	500
0.754	505
0.804	505
0.854	503
0.905	505
0.955	499
1.005	503
1.055	502
1.105	496
1.156	499
1.206	496
1.256	492
1.306	492
1.356	485
1.406	488
1.457	486
1.507	481
1.557	484
1.608	483
1.658	481
1.709	483
1.759	479
1.809	485
1.859	487
1.909	485
1.959	491
2.010	492
2.060	493
2.110	498
2.160	493
2.210	502
2.260	504
2.311	501
2.361	507
2.411	506
2.461	507
2.512	508
2.563	500
2.613	507
2.663	505
2.713	499
2.763	502
2.813	500
2.864	497
2.914	496
2.964	488
3.014	492
3.064	490
3.114	486
3.165	488
3.215	486
3.265	484
3.315	486
3.365	481
3.417	486
3.467	487
3.517	484
3.567	488
3.617	489
3.667	490
3.718	492
3.768	488
3.818	495
3.868	496
3.918	493
3.968	499
4.019	499
4.069	501
4.119	502
4.169	498
4.219	503
4.271	503
4.321	499
4.371	504
4.421	502
4.471	503
4.521	503
4.572	496
4.622	501
4.672	500
4.722	496
4.772	498
4.822	495
4.873	495
4.923	494
4.973	487
5.023	491
5.073	489
5.124	486
5.175	488
5.225	486
5.275	486
5.325	486
5.375	482
5.426	487
5.476	487
5.526	485
5.576	489
5.626	490
5.677	492
5.727	494
5.777	490
5.827	498
5.877	500
5.927	500
5.978	504
6.028	503
6.079	507
6.129	507
6.179	501
6.229	508
6.280	507
6.330	503
6.380	506
6.430	503
6.480	502
6.531	500
6.581	492
6.631	495
6.681	493
6.731	488
6.781	489
6.832	485
6.882	485
6.932	484
6.983	478
7.033	482
7.083	482
7.134	480
7.184	485
7.234	484
7.284	488
7.334	490
7.385	488
7.435	494
7.485	496
7.535	496
7.585	502
7.635	497
7.686	505
7.736	506
7.786	501
7.836	507
7.887	507
7.937	504
7.988	507
8.038	500
8.088	504
8.138	503
8.188	496
8.239	500
8.289	496
8.339	493
8.389	494
8.439	487
8.489	490
8.540	489
8.590	484
8.640	487
8.690	486
8.740	484
8.792	486
8.842	482
8.892	487
8.942	488
8.992	485
9.042	490
9.093	491
9.143	492
9.193	494
9.243	490
9.293	497
9.343	498
9.394	496
9.444	500
9.494	500
9.544	501
9.594	503
9.645	496
9.696	504
9.746	504
9.796	499
9.846	504
9.896	502
9.947	501
9.997	502
10.047	495
10.097	500
10.147	498
10.197	493
10.248	495
10.298	493
10.348	492
10.398	491
10.448	484
10.499	489
10.549	487
10.600	483
10.650	486
10.700	485
10.750	484
10.801	486
10.851	483
10.901	488
10.951	489
11.001	486
11.051	492
11.102	493
11.152	496
11.202	498
11.252	493
11.302	502
11.353	503
11.403	501
11.453	507
11.504	505
11.554	507
11.604	508
11.655	501
11.705	507
11.755	505
11.805	500
11.855	503
11.905	498
11.956	498
12.006	496
12.056	489
12.106	491
12.156	489
12.207	485
12.257	487
12.307	485
12.357	484
12.408	484
12.458	480
12.509	485
12.559	485
12.609	484
12.659	488
12.709	488
12.760	491
12.810	493
12.860	490
12.910	497
12.960	498
13.010	497
13.061	501
13.111	498
13.161	504
13.211	504
13.261	499
13.312	504
13.363	505
13.413	503
13.463	504
13.513	498
13.563	502
13.614	501
13.664	495
13.714	499
13.764	497
13.814	494
13.864	496
13.915	491
13.965	493
14.015	492
14.065	486
14.115	490
14.165	489
14.217	486
14.267	488
14.317	486
14.367	488
14.417	488
14.468	485
14.518	489
14.568	489
14.618	488
14.668	491
14.718	487
14.769	493
14.819	495
14.869	492
14.919	498
14.969	499
15.019	499
15.070	503
15.121	497
15.171	505
15.221	505
15.271	500
15.322	507
15.372	505
15.422	504
15.472	505
15.522	496
15.572	503
15.623	501
15.673	494
15.723	497
15.773	494
15.823	491
15.873	490
15.924	483
15.974	486
16.025	485
16.075	480
16.125	484
16.176	483
16.226	482
16.276	484
16.326	481
16.376	487
16.426	489
16.477	487
16.527	493
16.577	495
16.627	496
16.677	500
16.728	497
16.778	504
16.828	505
16.878	502
16.929	508
16.979	507
17.030	507
17.080	508
17.130	501
17.180	506
17.230	504
17.280	497
17.331	501
17.381	497
17.431	495
17.481	494
17.531	487
17.582	490
17.632	489
17.682	484
17.732	486
17.783	485
17.833	483
17.884	486
17.934	480
17.984	487
18.034	487
18.084	485
18.134	490
18.185	490
18.235	493
18.285	494
18.335	489
18.385	497
18.436	497
18.486	495
18.536	499
18.586	498
18.636	500
18.687	501
18.738	496
18.788	501
18.838	501
18.888	497
18.938	501
18.989	499
19.039	501
19.089	501
19.139	496
19.189	501
19.239	499
19.290	497
19.340	500
19.390	497
19.440	498
19.490	498
19.540	491
19.592	496
19.642	494
19.692	489
19.742	492
19.792	489
19.843	489
19.893	489
19.943	482
19.993	487
20.043	486
20.093	483
20.144	486
20.194	485
20.244	487
20.294	489
20.344	486
20.394	492
20.445	493
20.496	493
20.546	498
20.596	494
20.646	501
20.697	505
20.747	499
20.797	507
20.847	506
20.897	505
20.947	508
20.998	502
21.048	507
21.098	506
21.148	498
21.198	503
21.248	500
21.299	496
21.349	497
21.400	490
21.450	492
21.500	490
21.551	483
21.601	487
21.651	485
21.701	482
21.751	484
21.801	479
21.852	484
21.902	485
21.952	483
22.002	488
22.052	489
22.102	489
22.153	492
22.203	490
22.253	497
22.304	498
22.354	495
22.405	502
22.455	502
22.505	502
22.555	505
22.605	497
22.655	505
22.706	505
22.756	500
22.806	504
22.856	502
22.906	501
22.957	502
23.007	495
23.057	499
23.107	498
23.157	492
23.208	495
23.259	493
23.309	491
23.359	491
23.409	485
23.459	489
23.509	489
23.560	484
23.610	488
23.660	487
23.710	486
23.760	488
23.811	484
23.861	489
23.911	490
23.961	487
24.011	493
24.061	492
24.113	493
24.163	496
24.213	492
24.263	499
24.313	500
24.363	497
24.414	503
24.464	502
24.514	505
24.564	505
24.614	500
24.665	506
24.715	505
24.765	502
24.815	505
24.865	501
24.915	502
24.966	500
25.017	492
25.067	496
25.117	494
25.167	488
25.217	489
25.268	487
25.318	486
25.368	485
25.418	480
25.468	484
25.519	484
25.569	480
25.619	485
25.669	484
25.719	486
25.769	489
25.820	487
25.870	494
25.921	495
25.971	493
26.021	500
26.072	500
26.122	504
26.172	506
26.222	500
26.272	507
26.322	507
26.373	505
26.423	508
26.473	506
26.523	506
26.573	504
26.623	497
26.674	501
26.724	498
26.774	493
26.825	495
26.875	489
26.926	490
26.976	489
27.026	483
27.076	486
27.126	486
27.176	482
27.227	485
27.277	484
27.327	486
27.377	487
27.427	484
27.477	490
27.528	491
27.578	490
27.628	494
27.678	492
27.729	497
27.780	499
27.830	495
27.880	502
27.930	502
27.980	501
28.030	504
28.081	499
28.131	504
28.181	505
28.231	499
28.281	504
28.331	502
28.382	500
28.432	501
28.482	494
28.532	499
28.582	497
28.634	491
28.684	495
28.734	492
28.784	489
28.834	490
28.884	483
28.935	488
28.985	488
29.035	481
29.085	487
29.135	486
29.185	484
29.236	487
29.286	483
29.336	489
29.386	490
29.436	487
29.487	493
29.538	494
29.588	494
29.638	498
29.688	494
29.738	502
29.789	503
29.839	500
29.889	505
29.939	505
29.989	505
30.040	507
30.090	500
30.140	506
30.190	505
30.240	498
30.290	502
30.341	499
30.392	497
30.442	497
30.492	489
30.542	493
30.592	491
30.643	486
30.693	488
30.743	487
30.793	485
30.843	486
30.894	481
30.944	486
30.994	486
31.044	484
31.094	488
31.144	488
31.195	489
31.245	492
31.296	489
31.346	494
31.396	496
31.446	493
31.497	499
31.547	498
31.597	498
31.647	502
31.697	497
31.748	503
31.798	502
31.848	499
31.898	503
31.948	501
31.998	502
32.049	502
32.099	497
32.149	501
32.200	500
32.250	496
32.301	499
32.351	496
32.401	496
32.451	496
32.501	489
32.551	494
32.602	492
32.652	487
32.702	491
32.752	488
32.802	488
32.852	488
32.903	482
32.953	487
33.003	487
33.053	484
33.104	488
33.155	487
33.205	490
33.255	491
33.305	487
33.355	494
33.405	495
33.456	494
33.506	499
33.556	496
33.606	502
33.656	503
33.706	499
33.757	505
33.807	505
33.857	504
33.907	506
33.957	502
34.009	506
34.059	504
34.109	498
34.159	502
34.209	499
34.259	495
34.310	497
34.360	491
34.410	493
34.460	491
34.510	484
34.560	487
34.611	486
34.661	482
34.711	485
34.761	483
34.811	485
34.862	485
34.913	483
34.963	488
35.013	488
35.063	488
35.113	492
35.164	491
35.214	496
35.264	497
35.314	495
35.364	501
35.414	501
35.465	501
35.515	504
35.565	499
35.615	506
35.665	506
35.716	501
35.766	505
35.817	503
35.867	501
35.917	502
35.967	496
36.018	500
36.068	499
36.118	492
36.168	496
36.218	493
36.269	491
36.319	492
36.369	484
36.419	489
36.469	488
36.519	484
36.570	487
36.620	487
36.670	486
36.721	488
36.771	483
36.821	489
36.872	489
36.922	488
36.972	492
37.022	493
37.072	493
37.123	496
37.173	491
37.223	499
37.273	499
37.323	496
37.373	503
37.424	502
37.474	504
37.524	505
37.574	499
37.625	505
37.675	505
37.726	501
37.776	504
37.826	502
37.876	501
37.926	500
37.977	494
38.027	497
38.077	496
38.127	490
38.177	492
38.227	489
38.278	488
38.328	488
38.378	480
38.428	486
38.478	485
38.529	482
38.580	485
38.630	485
38.680	486
38.730	488
38.780	485
38.831	491
38.881	493
38.931	492
38.981	497
39.031	497
39.081	500
39.132	502
39.182	497
39.232	504
39.282	505
39.332	502
39.382	506
39.434	504
39.484	506
39.534	505
39.584	498
39.634	503
39.685	501
39.735	497
39.785	499
39.835	495
39.885	495
39.935	494
39.986	487
40.036	491
40.086	489
40.136	485
40.186	488
40.237	485
40.287	487
40.338	487
40.388	482
40.438	487
40.488	487
40.539	486
40.589	490
40.639	490
40.689	492
40.739	494
40.789	489
40.840	496
40.890	497
40.940	495
40.990	500
41.040	497
41.091	502
41.141	503
41.192	498
41.242	504
41.292	504
41.342	501
41.393	504
41.443	499
41.493	503
41.543	502
41.593	496
41.643	500
41.694	498
41.744	496
41.794	497
41.844	490
41.894	494
41.945	492
41.995	485
42.045	489
42.096	488
42.146	485
42.196	487
42.247	483
42.297	486
42.347	486
42.397	484
42.447	488
42.497	488
42.548	488
42.598	492
42.648	487
42.698	495
42.748	497
42.799	493
42.849	500
42.899	500
42.949	501
43.000	504
43.050	498
43.101	505
43.151	506
43.201	502
43.251	506
43.301	505
43.352	503
43.402	504
43.452	496
43.502	501
43.552	499
43.602	493
43.653	495
43.703	493
43.753	490
43.803	490
43.853	483
43.904	488
43.955	486
44.005	482
44.055	485
44.105	485
44.155	484
44.206	486
44.256	482
44.306	488
44.356	490
44.406	487
44.456	493
44.507	494
44.557	496
44.607	498
44.657	494
44.707	501
44.757	502
44.809	498
44.859	504
44.909	503
44.959	504
45.009	505
45.060	498
45.110	505
45.160	503
45.210	498
45.260	501
45.310	499
45.361	499
45.411	499
45.461	492
45.511	496
45.561	495
45.611	490
45.662	493
45.713	490
45.763	490
45.813	490
45.863	484
45.914	489
45.964	487
46.014	484
46.064	488
46.114	487
46.164	488
46.215	489
46.265	484
46.315	491
46.365	492
46.415	490
46.465	494
46.516	494
46.566	496
46.617	498
46.667	495
46.717	501
46.768	502
46.818	500
46.868	505
46.918	503
46.968	505
47.018	506
47.069	500
47.119	505
47.169	503
47.219	500
47.269	502
47.320	496
47.370	499
47.420	497
47.470	490
47.521	493
47.571	490
47.622	486
47.672	488
47.722	485
47.772	486
47.822	485
47.872	480
47.923	485
47.973	485
48.023	483
48.073	487
48.123	486
48.174	490
48.224	492
48.274	488
48.324	496
48.374	497
48.425	496
48.476	501
48.526	497
48.576	504
48.626	505
48.676	500
48.726	506
48.777	505
48.827	503
48.877	506
48.927	499
48.977	504
49.028	503
49.078	495
49.128	500
49.178	497
49.228	495
49.278	495
49.330	489
49.380	493
49.430	491
49.480	485
49.530	489
49.581	489
49.631	485
49.681	487
49.731	482
49.781	487
49.831	488
49.882	485
49.932	489
49.982	490
50.032	489
50.082	492
50.132	489
50.183	494
50.234	496
50.284	492
50.334	498
50.384	498
50.435	498
50.485	501
50.535	496
50.585	503
50.635	504
50.685	500
50.736	505
50.786	503
50.836	503
50.886	504
50.936	497
50.986	502
51.037	501
51.087	495
51.138	498
51.188	496
51.238	494
51.289	493
51.339	485
51.389	490
51.439	489
51.489	483
51.539	487
51.590	485
51.640	484
51.690	485
51.740	481
51.790	486
51.840	487
51.891	484
51.941	490
51.992	490
52.042	492
52.092	495
52.143	492
52.193	499
52.243	501
52.293	499
52.343	504
52.393	503
52.444	506
52.494	507
52.544	501
52.594	507
52.644	506
52.694	501
52.745	505
52.795	501
52.845	501
52.896	500
52.946	491
52.997	496
53.047	494
53.097	489
53.147	491
53.197	488
53.247	487
53.298	487
53.348	482
53.398	485
53.448	486
53.498	483
53.549	486
53.599	487
53.649	488
53.699	490
53.749	487
53.800	492
53.851	494
53.901	492
53.951	497
54.001	496
54.051	499
54.101	501
54.152	495
54.202	502
54.252	502
54.302	499
54.352	504
54.403	504
54.453	503
54.503	502
54.553	498
54.603	502
54.653	501
54.705	498
54.755	500
54.805	495
54.855	498
54.905	497
54.955	491
55.006	495
55.056	493
55.106	489
55.156	492
55.206	487
55.257	489
55.307	489
55.357	484
55.407	488
55.457	487
55.507	484
55.558	488
55.609	486
55.659	489
55.709	490
55.759	486
55.809	492
55.860	493
55.910	493
55.960	497
56.010	494
56.060	500
56.111	501
56.161	497
56.211	504
56.261	504
56.311	503
56.361	507
56.412	499
56.462	506
56.513	506
56.563	500
56.613	504
56.664	502
56.714	499
56.764	499
56.814	491
56.864	495
56.914	492
56.965	487
57.015	490
57.065	487
57.115	484
57.165	485
57.215	480
57.266	485
57.316	485
57.366	481
57.417	486
57.467	487
57.518	487
57.568	490
57.618	487
57.668	493
57.718	495
57.768	492
57.819	499
57.869	499
57.919	500
57.969	503
58.019	496
58.069	505
58.120	505
58.170	501
58.220	505
58.270	503
58.321	502
58.372	504
58.422	496
58.472	502
58.522	500
58.572	494
58.622	498
58.673	495
58.723	494
58.773	494
58.823	487
58.873	492
58.923	490
58.974	486
59.024	489
59.074	487
59.124	487
59.174	488
59.226	482
59.276	489
59.326	488
59.376	485
59.426	490
59.476	490
59.527	491
59.577	493
59.627	489
59.677	495
59.727	497
59.777	495
59.828	499
59.878	498
59.928	502
59.978	503
60.028	497
60.079	505
60.130	505
60.180	501
60.230	505
60.280	503
60.330	504
60.381	504
60.431	497
60.481	502
60.531	500
60.581	494
60.632	497
60.682	493
60.732	493
60.782	492
60.832	484
60.882	488
60.933	487
60.984	484
61.034	486
61.084	484
61.134	485
61.184	486
61.235	482
61.285	488
61.335	488
61.385	486
61.435	492
61.486	492
61.536	495
61.586	497
61.636	493
61.686	500
61.736	501
61.787	500
61.837	504
61.888	504
61.938	505
61.988	506
62.038	499
62.089	505
62.139	504
62.189	500
62.239	503
62.289	496
62.340	500
62.390	499
62.440	492
62.490	496
62.540	494
62.590	491
62.641	492
62.691	488
62.741	490
62.792	489
62.842	484
62.893	487
62.943	487
62.993	485
63.043	488
63.093	486
63.143	488
63.194	489
63.244	486
63.294	491
63.344	492
63.394	490
63.444	494
63.495	489
63.545	497
63.595	498
63.645	495
63.696	501
63.747	500
63.797	500
63.847	503
63.897	497
63.947	504
63.997	504
64.048	499
64.098	504
64.148	503
64.198	501
64.248	502
64.298	495
64.349	501
64.399	499
64.449	493
64.499	496
64.549	494
64.601	491
64.651	492
64.701	485
64.751	489
64.801	488
64.851	483
64.902	486
64.952	486
65.002	484
65.052	487
65.102	482
65.152	488
65.203	489
65.253	487
65.303	491
65.353	491
65.403	493
65.454	496
65.505	491
65.555	499
65.605	500
65.655	498
65.705	503
65.756	502
65.806	504
65.856	505
65.906	498
65.956	505
66.006	504
66.057	502
66.107	504
66.157	501
66.207	499
66.257	500
66.308	493
66.358	497
66.409	495
66.459	490
66.509	492
66.559	490
66.610	489
66.660	488
66.710	482
66.760	487
66.810	486
66.861	483
66.911	487
66.961	486
67.011	487
67.061	488
67.111	485
67.162	491
67.212	492
67.262	489
67.313	495
67.363	495
67.413	498
67.464	499
67.514	495
67.564	502
67.614	503
67.664	500
67.715	504
67.765	502
67.815	504
67.865	504
67.915	498
67.965	504
68.016	502
68.066	499
68.116	502
68.166	500
68.217	499
68.267	497
68.318	490
68.368	495
68.418	493
68.468	489
68.518	491
68.569	487
68.619	489
68.669	488
68.719	483
68.769	487
68.819	487
68.870	486
68.920	488
68.970	485
69.020	489
69.070	490
69.121	486
69.172	493
69.222	494
69.272	492
69.322	496
69.372	494
69.423	499
69.473	501
69.523	496
69.573	504
69.623	503
69.673	502
69.724	505
69.774	499
69.824	505
69.874	504
69.924	500
69.974	503
70.026	501
70.076	498
70.126	499
70.176	493
70.226	496
70.277	495
70.327	488
70.377	492
70.427	489
70.477	486
70.527	488
70.578	481
70.628	486
70.678	486
70.728	482
70.778	487
70.829	487
70.879	486
70.930	489
70.980	485
71.030	492
71.080	493
71.131	490
71.181	496
71.231	497
71.281	496
71.331	500
71.381	494
71.432	502
71.482	502
71.532	498
71.582	504
71.632	502
71.683	502
71.733	504
71.784	497
71.834	503
71.884	502
71.934	496
71.985	501
72.035	499
72.085	497
72.135	497
72.185	491
72.235	495
72.286	494
72.336	488
72.386	491
72.436	490
72.486	488
72.537	489
72.587	484
72.637	488
72.688	487
72.738	484
72.788	488
72.839	487
72.889	488
72.939	490
72.989	485
73.039	491
73.089	493
73.140	490
73.190	496
73.240	496
73.290	497
73.340	500
73.391	494
73.441	503
73.491	504
73.541	500
73.592	506
73.642	504
73.693	506
73.743	505
73.793	498
73.843	504
73.893	503
73.944	498
73.994	501
74.044	497
74.094	496
74.144	495
74.194	488
74.245	492
74.295	490
74.345	485
74.395	487
74.445	485
74.496	485
74.547	485
74.597	481
74.647	486
74.697	486
74.747	485
74.798	489
74.848	489
74.898	491
74.948	493
74.998	489
75.048	496
75.099	498
75.149	496
75.199	500
75.249	496
75.299	503
75.349	504
75.401	499
75.451	505
75.501	504
75.551	501
75.601	504
75.652	499
75.702	503
75.752	502
75.802	496
75.852	500
75.902	498
75.953	494
76.003	496
76.053	491
76.103	493
76.153	492
76.203	486
76.254	489
76.305	488
76.355	486
76.405	487
76.455	485
76.506	487
76.556	487
76.606	483
76.656	488
76.706	489
76.756	489
76.807	492
76.857	489
76.907	494
76.957	496
77.007	492
77.057	499
77.108	500
77.158	500
77.209	503
77.259	499
77.309	505
77.360	505
77.410	501
77.460	506
77.510	504
77.560	502
77.610	504
77.661	496
77.711	502
77.761	500
77.811	493
77.861	497
77.912	494
77.962	491
78.012	491
78.062	483
78.113	488
78.163	487
78.214	483
78.264	486
78.314	484
78.364	484
78.414	486
78.464	481
78.515	488
78.565	489
78.615	485
78.665	492
78.715	493
78.766	493
78.816	497
78.866	494
78.916	500
78.966	501
79.017	498
79.068	503
79.118	503
79.168	503
79.218	504
79.268	498
79.318	504
79.369	503
79.419	499
79.469	503
79.519	500
79.569	500
79.620	499
79.670	493
79.720	497
79.770	496
79.820	490
79.870	494
79.922	492
79.972	491
80.022	491
80.072	486
80.122	490
80.173	489
80.223	485
80.273	489
80.323	487
80.373	488
80.423	489
80.474	483
80.524	490
80.574	490
80.624	488
80.674	493
80.724	492
80.775	494
80.826	496
80.876	491
80.926	498
80.976	498
81.027	497
81.077	502
81.127	501
81.177	504
81.227	504
81.277	500
81.328	506
81.378	505
81.428	501
81.478	504
81.528	501
81.578	502
81.629	502
81.679	494
81.730	498
81.780	496
81.830	491
81.881	493
81.931	490
81.981	489
82.031	488
82.081	482
82.131	486
82.182	485
82.232	483
82.282	485
82.332	484
82.382	487
82.432	488
82.483	484
82.533	490
82.584	491
82.634	491
82.684	495
82.735	493
82.785	498
82.835	499
82.885	495
82.935	502
82.985	502
83.036	500
83.086	504
83.136	499
83.186	503
83.236	503
83.286	498
83.337	503
83.387	501
83.437	498
83.488	501
83.538	495
83.589	499
83.639	498
83.689	493
83.739	497
83.789	495
83.839	491
83.890	493
83.940	489
83.990	492
84.040	491
84.090	485
84.141	489
84.191	489
84.241	486
84.291	488
84.341	485
84.392	488
84.443	488
84.493	484
84.543	490
84.593	491
84.643	490
84.693	493
84.744	489
84.794	496
84.844	497
84.894	494
84.944	501
84.995	501
85.045	501
85.095	504
85.145	498
85.195	505
85.245	506
85.297	501
85.347	506
85.397	504
85.447	502
85.497	503
85.547	496
85.598	499
85.648	497
85.698	491
85.748	495
85.798	492
85.849	489
85.899	489
85.949	483
85.999	486
86.049	485
86.099	481
86.150	485
86.201	484
86.251	484
86.301	486
86.351	483
86.401	489
86.452	491
86.502	489
86.552	494
86.602	495
86.652	496
86.703	500
86.753	494
86.803	503
86.853	503
86.903	500
86.953	505
87.004	504
87.054	505
87.105	506
87.155	497
87.205	504
87.256	503
87.306	498
87.356	501
87.406	498
87.456	496
87.506	497
87.557	489
87.607	494
87.657	492
87.707	488
87.757	490
87.807	488
87.858	488
87.908	488
87.958	482
88.009	487
88.059	487
88.110	484
88.160	489
88.210	488
88.260	490
88.310	491
88.360	487
88.411	493
88.461	493
88.511	492
88.561	497
88.611	496
88.661	499
88.712	500
88.762	495
88.812	502
88.862	502
88.913	500
88.964	504
89.014	502
89.064	504
89.114	504
89.164	498
89.214	503
89.265	502
89.315	498
89.365	500
89.415	495
89.465	498
89.515	496
89.566	489
89.616	493
89.666	490
89.716	486
89.766	489
89.818	485
89.868	485
89.918	485
89.968	481
90.018	485
90.068	486
90.119	484
90.169	488
90.219	487
90.269	491
90.319	492
90.369	490
90.420	496
90.470	498
90.520	497
90.570	502
90.620	499
90.671	505
90.722	506
90.772	501
90.822	507
90.872	506
90.922	504
90.973	506
91.023	499
91.073	504
91.123	502
91.173	496
91.224	499
91.274	496
91.324	492
91.374	493
91.424	487
91.474	489
91.525	488
91.576	483
91.626	487
91.676	486
91.726	484
91.776	486
91.827	483
91.877	487
91.927	488
91.977	485
92.027	491
92.078	491
92.128	492
92.178	495
92.228	491
92.278	497
92.328	499
92.379	495
92.429	501
92.480	501
92.530	501
92.580	503
92.630	497
92.681	504
92.731	504
92.781	499
92.831	504
92.881	502
92.932	500
92.982	501
93.032	494
93.082	499
93.132	498
93.182	492
93.233	495
93.283	493
93.333	491
93.384	491
93.434	484
93.485	488
93.535	487
93.585	483
93.635	487
93.685	485
93.735	485
93.786	487
93.836	483
93.886	488
93.936	490
93.986	488
94.036	493
94.087	494
94.137	494
94.187	498
94.237	494
94.288	502
94.339	502
94.389	500
94.439	505
94.489	505
94.539	507
94.589	507
94.640	500
94.690	506
94.740	505
94.790	500
94.840	503
94.890	499
94.941	498
94.991	497
95.041	489
95.091	493
95.141	491
95.193	486
95.243	487
95.293	485
95.343	484
95.393	485
95.443	480
95.494	485
95.544	485
95.594	483
95.644	487
95.694	487
95.744	490
95.795	493
95.845	488
95.895	496
95.945	497
95.995	497
96.046	501
96.097	501
96.147	504
96.197	505
96.247	499
96.297	506
96.348	506
96.398	502
96.448	505
96.498	504
96.548	503
96.598	501
96.649	495
96.699	499
96.749	497
96.799	493
96.849	494
96.900	490
96.950	491
97.001	490
97.051	484
97.101	488
97.151	487
97.202	484
97.252	487
97.302	485
97.352	487
97.402	487
97.453	484
97.503	490
97.553	490
97.603	489
97.653	493
97.703	491
97.754	496
97.804	498
97.854	494
97.905	500
97.955	501
98.005	500
98.056	504
98.106	499
98.156	505
98.206	505
98.256	500
98.307	505
98.357	503
98.407	501
98.457	503
98.507	495
98.557	499
98.608	498
98.658	491
98.708	495
98.758	492
98.809	489
98.859	489
98.910	483
98.960	487
99.010	486
99.060	481
99.110	485
99.161	485
99.211	484
99.261	486
99.311	482
99.361	489
99.411	490
99.462	488
99.512	494
99.562	495
99.612	496
99.662	500
99.713	494
99.764	503
99.814	505
99.864	501
99.914	506
99.964	506
100.015	506
100.065	507
100.115	500
100.165	505
100.215	503
100.265	498
100.316	500
100.366	498
100.416	496
100.466	495
100.516	488
100.566	491
100.618	490
100.668	484
100.718	487
100.768	485
100.818	484
100.869	486
100.919	481
100.969	485
101.019	487
101.069	484
101.119	489
101.170	489
101.220	491
101.270	494
101.320	489
101.370	497
101.421	498
101.471	496
101.522	501
101.572	501
101.622	502
101.672	504
101.723	498
101.773	506
101.823	505
101.873	501
101.923	505
101.973	502
102.024	503
102.074	502
102.124	495
102.174	499
102.224	498
102.275	492
102.325	495
102.376	492
102.426	491
102.476	491
102.526	484
102.577	488
102.627	487
102.677	483
102.727	487
102.777	486
102.827	487
102.878	487
102.928	483
102.978	489
103.028	490
103.078	489
103.129	493
103.179	493
103.229	496
103.280	497
103.330	493
103.380	500
103.431	501
103.481	500
103.531	504
103.581	505
103.631	505
103.681	505
103.732	499
103.782	505
103.832	504
103.882	501
103.932	503
103.983	497
104.033	500
104.083	499
104.133	492
104.184	495
104.234	494
104.285	489
104.335	491
104.385	487
104.435	488
104.485	487
104.536	482
104.586	487
104.636	486
104.686	484
104.736	487
104.786	485
104.837	488
104.887	490
104.937	486
104.987	493
105.037	493
105.088	492
105.139	497
105.189	495
105.239	499
105.289	501
105.339	497
105.390	503
105.440	503
105.490	502
105.540	504
105.590	498
105.640	504
105.691	504
105.741	498
105.791	503
105.841	501
105.891	499
105.941	500
105.993	493
106.043	498
106.093	496
106.143	490
106.193	493
106.244	492
106.294	489
106.344	490
106.394	485
106.444	488
106.494	487
106.545	484
106.595	488
106.645	487
106.695	486
106.745	488
106.795	484
106.846	490
106.897	491
106.947	489
106.997	494
107.047	494
107.098	496
107.148	498
107.198	494
107.248	501
107.298	502
107.348	499
107.399	505
107.449	504
107.499	505
107.549	506
107.599	500
107.649	505
107.700	505
107.750	500
107.801	502
107.851	499
107.901	498
107.952	497
108.002	491
108.052	494
108.102	491
108.152	487
108.202	488
108.253	486
108.303	485
108.353	485
108.403	480
108.453	485
108.504	485
108.554	483
108.604	487
108.654	487
108.705	489
108.755	491
108.806	488
108.856	495
108.906	496
108.956	494
109.006	501
109.056	500
109.107	503
109.157	505
109.207	499
109.257	506
109.307	506
109.358	502
109.408	506
109.458	503
109.508	504
109.558	503
109.609	496
109.660	500
109.710	497
109.760	494
109.810	495
109.860	493
109.910	491
109.961	490
110.011	484
110.061	488
110.111	487
110.161	484
110.212	487
110.262	485
110.312	487
110.362	487
110.412	484
110.462	489
110.514	490
110.564	488
110.614	493
110.664	491
110.714	495
110.765	497
110.815	492
110.865	500
110.915	500
110.965	498
111.015	503
111.066	498
111.116	504
111.166	504
111.216	499
111.266	504
111.316	504
111.367	501
111.418	503
111.468	498
111.518	501
111.568	500
111.619	494
111.669	497
111.719	495
111.769	492
111.819	493
111.869	487
111.920	490
111.970	489
112.020	484
112.070	487
112.120	486
112.170	484
112.221	486
112.271	483
112.322	487
112.372	488
112.422	485
112.473	491
112.523	491
112.573	491
112.623	496
112.673	492
112.723	499
112.774	500
112.824	497
112.874	504
112.924	504
112.974	504
113.024	506
113.075	501
113.125	506
113.176	506
113.226	501
113.276	504
113.327	502
113.377	500
113.427	500
113.477	492
113.527	496
113.577	494
113.628	488
113.678	490
113.728	488
113.778	485
113.828	486
113.878	480
113.929	485
113.979	485
114.029	481
114.080	486
114.130	487
114.181	487
114.231	490
114.281	485
114.331	493
114.381	494
114.431	492
114.482	498
114.532	498
114.582	500
114.632	502
114.682	496
114.733	504
114.783	504
114.833	500
114.883	505
114.933	503
114.984	503
115.035	504
115.085	498
115.135	502
115.185	501
115.235	495
115.285	498
115.336	495
115.386	492
115.436	493
115.486	485
115.536	491
115.587	489
115.637	485
115.687	488
115.737	486
115.787	486
115.837	487
115.889	482
115.939	487
115.989	488
116.039	486
116.089	490
116.139	490
116.190	492
116.240	494
116.290	492
116.340	497
116.390	499
116.441	497
116.491	502
116.541	501
116.591	504
116.641	505
116.691	500
116.742	506
116.793	506
116.843	502
116.893	505
116.943	502
116.993	503
117.044	502
117.094	494
117.144	498
117.194	495
117.244	490
117.295	492
117.345	491
117.395	488
117.445	487
117.495	481
117.545	484
117.596	484
117.646	481
117.697	484
117.747	488
117.797	486
117.848	488
117.898	485
117.948	492
117.998	493
118.048	492
118.098	498
118.149	495
118.199	502
118.249	504
118.299	500
118.349	506
118.399	507
118.450	505
118.500	508
118.550	501
118.601	507
118.651	505
118.702	499
118.752	503
118.802	500
118.852	497
118.902	497
118.952	491
119.003	493
119.053	491
119.103	485
119.153	487
119.203	486
119.253	483
119.304	485
119.354	481
119.404	485
119.454	486
119.505	483
119.556	487
119.606	489
119.656	488
119.706	492
119.756	488
119.806	496
119.857	497
119.907	494
119.957	501
120.007	501
120.057	501
120.107	504
120.158	497
120.208	505
120.258	505
120.308	499
120.358	504
120.410	503
120.460	502
120.510	502
120.560	496
120.610	500
120.660	498
120.711	493
120.761	497
120.811	494
120.861	492
120.911	492
120.961	485
121.012	490
121.062	489
121.112	485
121.162	488
121.212	486
121.263	486
121.314	487
121.364	482
121.414	488
121.464	489
121.514	486
121.565	491
121.615	491
121.665	492
121.715	496
121.765	491
121.816	499
121.866	499
121.916	497
121.966	503
122.016	502
122.066	504
122.117	506
122.168	500
122.218	506
122.268	505
122.318	501
122.368	504
122.419	501
122.469	501
122.519	501
122.569	493
122.619	497
122.670	495
122.720	489
122.770	492
122.820	489
122.870	488
122.920	487
122.971	482
123.021	485
123.072	485
123.122	482
123.172	485
123.222	485
123.273	486
123.323	489
123.373	485
123.423	492
123.473	493
123.524	492
123.574	497
123.624	497
123.674	500
123.724	502
123.774	498
123.825	505
123.875	505
123.925	502
123.976	506
124.026	503
124.077	506
124.127	505
124.177	498
124.227	503
124.277	501
124.327	496
124.378	499
124.428	498
124.478	495
124.528	494
124.578	487
124.628	490
124.679	490
124.729	486
124.779	487
124.829	486
124.880	487
124.931	487
124.981	481
125.031	488
125.081	488
125.131	486
125.181	490
125.232	488
125.282	492
125.332	494
125.382	490
125.432	496
125.482	497
125.533	496
125.583	500
125.633	495
125.683	502
125.733	503
125.785	498
125.835	504
125.885	504
125.935	502
125.985	504
126.035	499
126.086	504
126.136	503
126.186	498
126.236	501
126.286	499
126.336	496
126.387	496
126.437	491
126.487	493
126.537	492
126.587	486
126.638	489
126.689	487
126.739	484
126.789	486
126.839	481
126.889	485
126.940	485
126.990	483
127.040	487
127.090	488
127.140	488
127.190	492
127.241	488
127.291	496
127.341	498
127.391	496
127.441	502
127.492	502
127.542	503
127.593	506
127.643	501
127.693	507
127.743	507
127.794	502
127.844	507
127.894	505
127.944	503
127.994	503
128.045	495
128.095	499
128.145	496
128.195	490
128.245	492
128.295	490
128.346	487
128.396	487
128.446	480
128.497	485
128.547	484
128.597	481
128.648	485
128.698	485
128.748	485
128.798	488
128.848	484
128.899	491
128.949	493
128.999	491
129.049	497
129.099	497
129.149	500
129.200	502
129.250	497
129.300	504
129.350	504
129.401	501
129.451	505
129.502	503
129.552	505
129.602	505
129.652	498
129.702	503
129.753	501
129.803	497
129.853	499
129.903	496
129.953	496
130.003	495
130.054	489
130.104	492
130.154	491
130.204	488
130.254	490
130.305	488
130.356	488
130.406	488
130.456	483
130.506	488
130.556	488
130.607	485
130.657	489
130.707	489
130.757	491
130.807	492
130.857	488
130.908	494
130.958	495
131.008	493
131.058	498
131.108	495
131.158	501
131.210	503
131.260	497
131.310	505
131.360	505
131.410	502
131.461	506
131.511	500
131.561	505
131.611	505
131.661	498
131.711	502
131.762	500
131.812	497
131.862	497
131.912	491
131.962	493
132.013	491
132.063	484
132.114	488
132.164	485
132.214	482
132.264	485
132.315	483
132.365	484
132.415	485
132.465	481
132.515	487
132.565	488
132.616	488
132.666	493
132.716	492
132.766	497
132.816	499
132.867	496
132.917	503
132.968	504
133.018	503
133.068	507
133.118	502
133.169	508
133.219	507
133.269	501
133.319	506
133.369	504
133.419	501
133.470	502
133.520	495
133.570	498
133.620	495
133.670	489
133.721	492
133.771	489
133.821	486
133.872	487
133.922	481
133.972	486
134.023	485
134.073	482
134.123	486
134.173	486
134.223	486
134.273	489
134.324	485
134.374	492
134.424	494
134.474	491
134.524	497
134.575	498
134.625	498
134.675	501
134.725	496
134.776	503
134.826	503
134.877	499
134.927	505
134.977	503
135.027	503
135.077	504
135.128	496
135.178	503
135.228	502
135.278	496
135.328	500
135.378	498
135.429	496
135.479	495
135.529	489
135.579	493
135.629	491
135.680	487
135.731	489
135.781	487
135.831	486
135.881	487
135.931	482
135.982	487
136.032	487
136.082	484
136.132	488
136.182	489
136.232	490
136.283	492
136.333	489
136.383	495
136.433	496
136.483	494
136.533	500
136.585	500
136.635	503
136.685	504
136.735	499
136.785	506
136.836	506
136.886	502
136.936	506
136.986	504
137.036	504
137.086	503
137.137	496
137.187	501
137.237	499
137.287	493
137.337	495
137.387	490
137.438	491
137.489	489
137.539	483
137.589	487
137.639	485
137.690	481
137.740	485
137.790	484
137.840	485
137.890	486
137.940	484
137.991	489
138.041	490
138.091	489
138.141	494
138.191	493
138.241	498
138.292	500
138.342	496
138.393	503
138.443	504
138.493	502
138.544	506
138.594	500
138.644	506
138.694	507
138.744	500
138.794	505
138.845	503
138.895	499
138.945	500
138.995	495
139.045	497
139.096	496
139.146	489
139.196	492
139.246	490
139.297	487
139.347	488
139.398	485
139.448	486
139.498	487
139.548	482
139.598	486
139.648	486
139.699	485
139.749	488
139.799	487
139.849	491
139.899	493
139.950	489
140.000	496
140.050	497
140.100	497
140.150	500
140.201	497
140.252	503
140.302	504
140.352	499
140.402	505
140.452	504
140.502	503
140.553	506
140.603	500
140.653	504
140.703	503
140.753	497
140.804	500
140.854	498
140.904	495
140.954	495
141.004	489
141.054	492
141.106	490
141.156	485
141.206	487
141.256	486
141.306	484
141.357	486
141.407	481
141.457	486
141.507	486
141.557	484
141.607	488
141.658	489
141.708	490
141.758	494
141.808	491
141.858	497
141.908	498
141.959	496
142.010	502
142.060	502
142.110	504
142.160	506
142.211	500
142.261	507
142.311	506
142.361	502
142.411	505
142.461	503
142.512	502
142.562	502
142.612	495
142.662	498
142.712	496
142.762	491
142.813	493
142.863	490
142.914	488
142.964	488
143.014	483
143.065	485
143.115	486
143.165	482
143.215	486
143.265	486
143.315	486
143.366	488
143.416	484
143.466	491
143.516	492
143.566	490
143.616	496
143.667	495
143.717	499
143.768	500
143.818	496
143.868	503
143.919	504
143.969	500
144.019	505
144.069	503
144.119	505
144.169	505
144.220	499
144.270	504
144.320	502
144.370	497
144.420	501
144.470	497
144.521	497
144.571	496
144.621	489
144.672	493
144.722	491
144.773	488
144.823	489
144.873	487
144.923	488
144.973	488
145.023	483
145.074	487
145.124	487
145.174	484
145.224	488
145.274	491
145.325	490
145.375	492
145.425	489
145.475	494
145.525	496
145.576	495
145.627	499
145.677	501
145.727	502
145.777	503
145.827	498
145.877	505
145.928	505
145.978	503
146.028	506
146.078	500
146.128	504
146.179	504
146.229	497
146.279	501
146.329	499
146.379	496
146.429	496
146.481	491
146.531	493
146.581	491
146.631	486
146.681	488
146.731	487
146.782	484
146.832	485
146.882	484
146.932	485
146.982	486
147.033	482
147.083	488
147.133	488
147.183	488
147.233	492
147.283	489
147.334	496
147.385	497
147.435	494
147.485	501
147.535	501
147.585	501
147.636	505
147.686	499
147.736	505
147.786	506
147.836	500
147.887	505
147.937	504
147.987	502
148.037	503
148.087	496
148.137	500
148.188	499
148.238	492
148.289	496
148.339	494
148.389	491
148.440	492
148.490	485
148.540	490
148.590	488
148.640	485
148.690	488
148.741	487
148.791	486
148.841	488
148.891	483
148.941	489
148.991	489
149.042	486
149.092	491
149.142	492
149.193	493
149.243	495
149.294	491
149.344	498
149.394	499
149.444	495
149.494	501
149.544	500
149.595	501
149.645	504
149.695	498
149.745	504
149.795	504
149.845	500
149.896	504
149.946	502
149.996	501
150.046	502
150.097	495
150.148	500
150.198	498
150.248	493
150.298	495
150.348	492
150.398	491
150.449	490
150.499	485
150.549	488
150.599	487
150.649	483
150.699	486
150.750	485
150.800	485
150.850	487
150.900	482
150.950	489
151.002	490
151.052	488
151.102	493
151.152	494
151.202	496
151.252	498
151.303	494
151.353	501
151.403	503
151.453	501
151.503	506
151.553	503
151.604	506
151.654	506
151.704	500
151.754	505
151.804	504
151.855	500
151.906	502
151.956	497
152.006	499
152.056	497
152.106	490
152.157	495
152.207	493
152.257	488
152.307	491
152.357	488
152.408	489
152.458	488
152.508	484
152.558	488
152.608	487
152.658	485
152.709	489
152.760	491
152.810	490
152.860	491
152.910	487
152.960	494
153.011	493
153.061	492
153.111	496
153.161	493
153.211	497
153.262	498
153.312	493
153.362	499
153.412	499
153.462	498
153.512	500
153.563	495
153.613	501
153.664	501
153.714	496
153.764	502
153.814	502
153.865	500
153.915	503
153.965	497
154.015	502
154.065	501
154.116	496
154.166	500
154.216	498
154.266	496
154.316	496
154.366	491
154.417	494
154.467	492
154.517	486
154.568	489
154.618	488
154.669	484
154.719	487
154.769	483
154.819	486
154.869	486
154.919	483
154.970	487
155.020	488
155.070	488
155.120	492
155.170	488
155.220	495
155.271	497
155.321	494
155.371	501
155.421	501
155.472	502
155.523	505
155.573	499
155.623	507
155.673	507
155.723	502
155.773	506
155.824	505
155.874	503
155.924	504
155.974	496
156.024	501
156.074	498
156.125	493
156.175	495
156.225	491
156.275	490
156.325	489
156.377	483
156.427	487
156.477	486
156.527	482
156.577	486
156.627	486
156.678	485
156.728	487
156.778	484
156.828	489
156.878	491
156.928	488
156.979	493
157.029	494
157.079	494
157.129	498
157.179	495
157.230	500
157.281	501
157.331	497
157.381	502
157.431	501
157.481	501
157.532	503
157.582	497
157.632	504
157.682	503
157.732	499
157.782	502
157.833	500
157.883	500
157.933	499
157.983	493
158.033	497
158.084	496
158.134	490
158.185	494
158.235	491
158.285	491
158.335	490
158.386	484
158.436	488
158.486	487
158.536	484
158.586	487
158.637	486
158.687	488
158.737	488
158.787	485
158.837	490
158.887	491
158.938	489
158.988	494
159.038	494
159.089	498
159.139	499
159.189	494
159.240	503
159.290	503
159.340	501
159.390	506
159.440	500
159.491	507
159.541	506
159.591	501
159.641	505
159.691	504
159.741	500
159.792	502
159.842	494
159.892	498
159.942	496
159.993	488
160.043	492
160.094	490
160.144	487
160.194	488
160.244	485
160.294	486
160.345	486
160.395	482
160.445	486
160.495	486
160.545	485
160.595	489
160.646	487
160.696	491
160.746	493
160.796	490
160.846	496
160.897	497
160.948	496
160.998	500
161.048	495
161.098	502
161.148	503
161.199	499
161.249	504
161.299	504
161.349	502
161.399	503
161.449	497
161.500	503
161.550	502
161.600	497
161.650	500
161.700	499
161.750	497
161.802	498
161.852	492
161.902	496
161.952	495
162.002	489
162.053	493
162.103	491
162.153	488
162.203	490
162.253	485
162.303	489
162.354	489
162.404	484
162.454	487
162.504	488
162.554	487
162.605	489
162.655	485
162.706	491
162.756	492
162.806	489
162.856	494
162.907	495
162.957	495
163.007	499
163.057	492
163.107	501
163.157	502
163.208	498
163.258	503
163.308	503
163.358	504
163.408	506
163.459	499
163.509	505
163.560	504
163.610	497
163.660	502
163.710	500
163.761	499
163.811	498
163.861	490
163.911	495
163.961	493
164.011	488
164.062	491
164.112	488
164.162	488
164.212	487
164.262	483
164.313	487
164.363	487
164.413	483
164.464	487
164.514	487
164.564	486
164.615	490
164.665	486
164.715	493
164.765	493
164.815	492
164.865	497
164.916	496
164.966	499
165.016	500
165.066	495
165.116	503
165.167	503
165.217	499
165.267	505
165.317	502
165.368	504
165.418	504
165.469	498
165.519	503
165.569	502
165.619	498
165.669	500
165.720	497
165.770	498
165.820	497
165.870	490
165.920	494
165.970	492
166.021	488
166.071	490
166.121	491
166.171	488
166.221	488
166.272	481
166.323	487
166.373	487
166.423	485
166.473	488
166.523	487
166.574	490
166.624	491
166.674	487
166.724	494
166.774	495
166.824	494
166.875	498
166.925	495
166.975	501
167.025	502
167.075	497
167.125	503
167.177	503
167.227	502
167.277	505
167.327	500
167.377	504
167.428	504
167.478	498
167.528	502
167.578	501
167.628	498
167.678	499
167.729	493
167.779	496
167.829	495
167.879	488
167.929	492
167.979	491
168.030	487
168.081	489
168.131	483
168.181	488
168.231	487
168.282	482
168.332	488
168.382	487
168.432	486
168.482	489
168.532	486
168.583	491
168.633	493
168.683	489
168.733	495
168.783	496
168.833	496
168.884	500
168.934	494
168.985	502
169.035	503
169.085	499
169.136	504
169.186	503
169.236	503
169.286	506
169.336	498
169.386	504
169.437	503
169.487	498
169.537	501
169.587	499
169.637	498
169.688	497
169.738	489
169.788	494
169.838	492
169.889	488
169.939	490
169.990	488
170.040	486
170.090	488
170.140	482
170.190	487
170.240	487
170.291	483
170.341	488
170.391	488
170.441	488
170.491	491
170.542	487
170.592	493
170.642	495
170.692	492
170.742	497
170.793	498
170.844	499
170.894	501
170.944	497
170.994	503
171.044	503
171.094	500
171.145	503
171.195	502
171.245	504
171.295	504
171.345	497
171.396	503
171.446	501
171.496	497
171.546	499
171.596	497
171.646	497
171.698	496
171.748	490
171.798	494
171.848	492
171.898	489
171.949	491
171.999	489
172.049	489
172.099	489
172.149	484
172.199	488
172.250	487
172.300	485
172.350	489
172.400	488
172.450	490
172.500	491
172.551	487
172.602	493
172.652	493
172.702	492
172.752	497
172.803	496
172.853	499
172.903	500
172.953	497
173.003	502
173.053	503
173.104	500
173.154	505
173.204	499
173.254	505
173.304	504
173.354	499
173.405	504
173.455	502
173.506	499
173.556	501
173.606	495
173.657	498
173.707	496
173.757	489
173.807	493
173.857	492
173.907	487
173.958	489
174.008	486
174.058	487
174.108	487
174.158	483
174.208	487
174.259	486
174.309	485
174.360	489
174.410	487
174.460	490
174.511	492
174.561	489
174.611	494
174.661	495
174.711	495
174.761	499
174.812	495
174.862	501
174.912	502
174.962	498
175.012	503
175.062	503
175.113	502
175.163	504
175.213	499
175.264	504
175.314	503
175.365	497
175.415	502
175.465	500
175.515	498
175.565	499
175.615	493
175.666	496
175.716	495
175.766	489
175.816	492
175.866	491
175.917	488
175.967	488
176.017	483
176.067	487
176.117	486
176.168	482
176.219	487
176.269	486
176.319	486
176.369	489
176.419	486
176.469	491
176.520	492
176.570	490
176.620	496
176.670	496
176.720	498
176.771	500
176.821	495
176.871	503
176.921	503
176.971	499
177.021	505
177.073	504
177.123	504
177.173	505
177.223	498
177.273	504
177.323	503
177.374	497
177.424	501
177.474	498
177.524	497
177.574	496
177.625	488
177.675	494
177.725	492
177.775	486
177.825	490
177.875	487
177.926	487
177.977	487
178.027	482
178.077	487
178.127	487
178.177	484
178.228	488
178.278	489
178.328	490
178.378	491
178.428	489
178.479	494
178.529	496
178.579	494
178.629	499
178.679	498
178.729	500
178.780	502
178.830	496
178.881	504
178.931	504
178.981	501
179.032	505
179.082	503
179.132	504
179.182	504
179.232	498
179.282	502
179.333	501
179.383	496
179.433	498
179.483	495
179.533	495
179.583	494
179.634	487
179.684	491
179.734	489
179.785	485
179.835	488
179.886	486
179.936	486
179.986	487
180.036	482
180.086	486
180.136	488
180.187	486
180.237	490
180.287	492
180.337	493
180.387	494
180.437	490
180.488	497
180.538	498
180.588	498
180.638	501
180.689	498
180.740	503
180.790	504
180.840	499
180.890	505
180.940	504
180.990	502
181.041	505
181.091	500
181.141	503
181.191	502
181.241	496
181.291	500
181.342	498
181.392	494
181.442	495
181.492	491
181.542	492
181.594	491
181.644	485
181.694	489
181.744	488
181.794	485
181.844	487
181.895	485
181.945	487
181.995	488
182.045	484
182.095	489
182.145	489
182.196	489
182.246	492
182.296	489
182.346	495
182.396	497
182.447	492
182.498	499
182.548	499
182.598	499
182.648	502
182.698	497
182.749	504
182.799	504
182.849	500
182.899	504
182.949	503
183.000	502
183.050	503
183.100	496
183.150	502
183.200	500
183.250	495
183.301	499
183.352	496
183.402	494
183.452	494
183.502	487
183.552	492
183.603	491
183.653	485
183.703	489
183.753	488
183.803	486
183.854	488
183.904	482
183.954	488
184.004	489
184.054	485
184.104	490
184.155	490
184.205	489
184.256	493
184.306	488
184.356	495
184.406	495
184.457	492
184.507	497
184.557	497
184.607	498
184.657	500
184.708	495
184.758	502
184.808	502
184.858	499
184.908	503
184.958	502
185.009	503
185.059	504
185.109	496
185.160	503
185.210	502
185.261	498
185.311	501
185.361	498
185.411	496
185.461	497
185.511	489
185.562	494
185.612	493
185.662	488
185.712	490
185.762	489
185.812	488
185.863	488
185.913	483
185.963	487
186.013	487
186.064	484
186.115	488
186.165	487
186.215	489
186.265	491
186.315	487
186.365	493
186.416	494
186.466	492
186.516	497
186.566	496
186.616	500
186.666	500
186.717	496
186.767	502
186.817	503
186.867	500
186.917	504
186.969	502
187.019	504
187.069	504
187.119	498
187.169	503
187.219	502
187.270	498
187.320	500
187.370	499
187.420	499
187.470	497
187.520	491
187.571	495
187.621	493
187.671	489
187.721	491
187.771	487
187.822	489
187.873	488
187.923	484
187.973	488
188.023	487
188.073	484
188.124	488
188.174	486
188.224	489
188.274	490
188.324	486
188.374	491
188.425	493
188.475	492
188.525	497
188.575	494
188.625	500
188.676	501
188.726	496
188.777	503
188.827	503
188.877	502
188.927	505
188.978	499
189.028	505
189.078	505
189.128	499
189.178	504
189.229	502
189.279	499
189.329	500
189.379	493
189.429	497
189.479	496
189.530	490
189.580	493
189.630	490
189.681	488
189.731	489
189.781	482
189.832	487
189.882	486
189.932	482
189.982	487
190.032	487
190.083	486
190.133	489
190.183	484
190.233	491
190.283	492
190.333	489
190.384	496
190.434	495
190.484	497
190.534	500
190.585	495
190.635	502
190.686	503
190.736	498
190.786	505
190.836	503
190.886	504
190.937	505
190.987	499
191.037	504
191.087	503
191.137	497
191.187	501
191.238	498
191.288	498
191.338	497
191.388	491
191.438	495
191.489	494
191.540	488
191.590	492
191.640	490
191.690	489
191.740	490
191.791	485
191.841	489
191.891	489
191.941	485
191.991	489
192.041	488
192.092	489
192.142	491
192.192	487
192.242	492
192.292	492
192.342	489
192.394	494
192.444	494
192.494	496
192.544	498
192.594	492
192.645	499
192.695	500
192.745	499
192.795	502
192.845	501
192.895	503
192.946	505
192.996	499
193.046	505
193.096	504
193.146	499
193.197	504
193.247	501
193.298	501
193.348	500
193.398	492
193.448	497
193.499	496
193.549	490
193.599	491
193.649	489
193.699	488
193.749	487
193.800	482
193.850	484
193.900	485
193.950	482
194.000	485
194.051	485
194.101	486
194.152	489
194.202	485
194.252	492
194.302	493
194.353	493
194.403	498
194.453	498
194.503	502
194.553	504
194.603	498
194.654	506
194.704	506
194.754	504
194.804	507
194.854	502
194.905	506
194.955	506
195.005	499
195.056	503
195.106	500
195.156	497
195.207	498
195.257	493
195.307	494
195.357	493
195.407	485
195.457	490
195.508	489
195.558	485
195.608	488
195.658	485
195.708	487
195.759	488
195.809	483
195.859	488
195.909	489
195.960	488
196.010	491
196.061	488
196.111	493
196.161	494
196.211	490
196.261	497
196.312	497
196.362	496
196.412	499
196.462	495
196.512	500
196.562	501
196.613	496
196.663	502
196.713	501
196.763	501
196.813	502
196.864	498
196.915	503
196.965	502
197.015	496
197.065	502
197.115	500
197.166	499
197.216	500
197.266	492
197.316	498
197.366	497
197.416	490
197.467	494
197.517	492
197.567	490
197.617	490
197.667	485
197.717	488
197.769	487
197.819	483
197.869	487
197.919	486
197.969	485
198.020	488
198.070	484
198.120	489
198.170	491
198.220	488
198.270	494
198.321	494
198.371	496
198.421	499
198.471	495
198.521	502
198.571	503
198.622	500
198.673	506
198.723	504
198.773	506
198.823	506
198.874	500
198.924	505
198.974	504
199.024	499
199.074	502
199.124	499
199.175	498
199.225	497
199.275	491
199.325	494
199.375	492
199.425	487
199.476	489
199.526	487
199.577	486
199.627	487
199.677	481
199.728	486
199.778	487
199.828	484
199.878	488
199.928	488
199.978	490
200.029	491
200.079	488
200.129	494
200.179	495
200.229	494
200.280	498
200.330	498
200.380	500
200.430	502
200.481	496
200.531	503
200.582	503
200.632	500
200.682	504
200.732	501
200.782	503
200.832	503
200.883	496
200.933	502
200.983	500
201.033	497
201.083	499
201.134	494
201.184	497
201.234	496
201.284	489
201.334	494
201.385	492
201.436	488
201.486	490
201.536	487
201.586	488
201.636	488
201.686	483
201.737	488
201.787	487
201.837	486
201.887	489
201.937	487
201.988	490
202.038	491
202.088	488
202.138	494
202.188	494
202.238	494
202.290	498
202.340	495
202.390	501
202.440	502
202.490	497
202.541	505
202.591	504
202.641	504
202.691	506
202.741	501
202.791	506
202.842	505
202.892	500
202.942	503
202.992	500
203.042	498
203.092	499
203.143	489
203.194	495
203.244	493
203.294	486
203.344	489
203.395	488
203.445	484
203.495	486
203.545	481
203.595	485
203.645	486
203.696	482
203.746	487
203.796	487
203.846	488
203.896	491
203.946	488
203.997	494
204.047	495
204.098	492
204.148	499
204.198	499
204.249	500
204.299	503
204.349	497
204.399	504
204.449	505
204.499	500
204.550	505
204.600	503
204.650	502
204.700	503
204.750	497
204.800	502
204.851	500
204.901	494
204.952	497
205.002	496
205.052	494
205.103	494
205.153	488
205.203	492
205.253	491
205.303	485
205.353	489
205.404	487
205.454	486
205.504	488
205.554	484
205.604	488
205.654	488
205.705	486
205.755	490
205.805	489
205.856	490
205.906	493
205.957	488
206.007	496
206.057	496
206.107	494
206.157	500
206.207	499
206.258	500
206.308	503
206.358	497
206.408	504
206.458	505
206.509	502
206.559	505
206.609	503
206.659	504
206.709	504
206.760	497
206.811	502
206.861	500
206.911	496
206.961	497
207.011	494
207.061	493
207.112	493
207.162	486
207.212	490
207.262	488
207.312	484
207.363	486
207.413	486
207.463	486
207.513	486
207.563	483
207.613	488
207.665	488
207.715	486
207.765	491
207.815	491
207.865	493
207.915	496
207.966	493
208.016	499
208.066	500
208.116	498
208.166	503
208.217	503
208.267	504
208.317	505
208.367	499
208.417	505
208.467	504
208.518	501
208.569	504
208.619	498
208.669	502
208.719	501
208.769	494
208.820	498
208.870	496
208.920	492
208.970	493
209.020	489
209.071	491
209.121	489
209.171	484
209.221	488
209.271	487
209.321	485
209.372	487
209.422	485
209.473	487
209.523	488
209.573	485
209.624	490
209.674	491
209.724	489
209.774	494
209.824	492
209.874	497
209.925	498
209.975	495
210.025	501
210.075	502
210.125	501
210.175	504
210.226	499
210.276	505
210.326	505
210.377	500
210.427	505
210.478	503
210.528	501
210.578	502
210.628	495
210.678	499
210.728	498
210.779	492
210.829	495
210.879	492
210.929	489
210.979	490
211.029	483
211.080	488
211.130	487
211.180	482
211.230	486
211.281	486
211.332	484
211.382	487
211.432	483
211.482	489
211.532	490
211.582	488
211.633	494
211.683	494
211.733	495
211.783	498
211.833	494
211.883	501
211.934	502
211.984	498
212.034	504
212.084	503
212.134	504
212.186	505
212.236	499
212.286	505
212.336	504
212.386	499
212.436	503
212.487	500
212.537	498
212.587	498
212.637	490
212.687	495
212.737	493
212.788	487
212.838	490
212.888	488
212.938	485
212.988	487
213.039	482
213.090	486
213.140	486
213.190	484
213.240	487
213.290	488
213.341	486
213.391	490
213.441	488
213.491	492
213.541	495
213.592	493
213.642	498
213.692	498
213.742	500
213.792	502
213.842	496
213.893	504
213.944	504
213.994	502
214.044	505
214.094	503
214.144	504
214.195	504
214.245	496
214.295	502
214.345	501
214.395	496
214.446	498
214.496	496
214.546	496
214.596	494
214.646	487
214.696	491
214.747	490
214.797	486
214.848	488
214.898	487
214.948	486
214.998	487
215.049	481
215.099	487
215.149	488
215.199	485
215.249	490
215.300	489
215.350	492
215.400	494
215.450	490
215.500	496
215.550	497
215.601	496
215.651	500
215.701	497
215.752	502
215.802	504
215.853	499
215.903	505
215.953	504
216.003	502
216.053	505
216.103	499
216.154	503
216.204	502
216.254	497
216.304	500
216.354	498
216.404	495
216.455	496
216.505	491
216.555	493
216.605	491
216.656	485
216.707	489
216.757	488
216.807	485
216.857	487
216.907	485
216.957	487
217.008	487
217.058	484
217.108	488
217.158	489
217.208	488
217.258	491
217.309	489
217.359	495
217.409	497
217.459	493
217.509	499
217.561	500
217.611	500
217.661	503
217.711	497
217.761	505
217.811	505
217.862	500
217.912	506
217.962	504
218.012	503
218.062	504
218.112	496
218.163	501
218.213	500
218.263	494
218.313	497
218.363	494
218.414	492
218.465	492
218.515	484
218.565	489
218.615	488
218.665	483
218.716	487
218.766	486
218.816	485
218.866	487
218.916	483
218.966	488
219.017	489
219.067	486
219.117	491
219.167	492
219.217	493
219.268	496
219.318	492
219.369	499
219.419	500
219.469	497
219.519	503
219.570	503
219.620	504
219.670	505
219.720	499
219.770	505
219.821	505
219.871	501
219.921	504
219.971	501
220.021	500
220.071	500
220.122	493
220.172	497
220.222	495
220.273	489
220.323	492
220.373	489
220.424	488
220.474	488
220.524	483
220.574	486
220.624	485
220.675	483
220.725	486
220.775	486
220.825	488
220.875	489
220.925	486
220.976	492
221.026	493
221.076	491
221.126	496
221.177	496
221.227	499
221.278	500
221.328	497
221.378	504
221.428	504
221.478	502
221.529	506
221.579	503
221.629	506
221.679	505
221.729	499
221.779	504
221.830	502
221.880	498
221.930	500
221.980	494
222.030	496
222.081	495
222.132	487
222.182	492
222.232	490
222.282	486
222.332	488
222.383	485
222.433	487
222.483	486
222.533	482
222.583	487
222.633	487
222.684	485
222.734	489
222.784	488
222.834	491
222.884	494
222.934	490
222.986	496
223.036	497
223.086	497
223.136	501
223.186	497
223.237	503
223.287	504
223.337	499
223.387	505
223.437	504
223.487	503
223.538	505
223.588	499
223.638	504
223.688	503
223.738	496
223.789	500
223.839	498
223.890	494
223.940	496
223.990	490
224.040	493
224.091	491
224.141	485
224.191	488
224.241	487
224.291	484
224.341	487
224.392	484
224.442	486
224.492	487
224.542	483
224.592	488
224.643	489
224.693	489
224.744	493
224.794	491
224.844	496
224.894	497
224.945	495
224.995	501
225.045	501
225.095	502
225.145	505
225.195	500
225.246	506
225.296	506
225.346	501
225.396	505
225.446	504
225.497	502
225.547	503
225.597	496
225.648	500
225.698	498
225.748	491
225.799	495
225.849	492
225.899	489
225.949	489
225.999	483
226.049	487
226.100	486
226.150	482
226.200	486
226.250	485
226.300	484
226.351	487
226.401	482
226.451	490
226.501	491
226.552	488
226.602	494
226.653	495
226.703	497
226.753	499
226.803	495
226.853	503
226.904	503
226.954	500
227.004	505
227.054	505
227.104	503
227.154	506
227.205	499
227.255	505
227.305	503
227.355	498
227.405	501
227.456	498
227.507	498
227.557	497
227.607	489
227.657	494
227.707	492
227.758	487
227.808	489
227.858	487
227.908	486
227.958	487
228.008	481
228.059	486
228.109	486
228.159	484
228.209	488
228.259	488
228.309	490
228.361	492
228.411	488
228.461	495
228.511	496
228.561	495
228.612	500
228.662	499
228.712	502
228.762	504
228.812	499
228.862	505
228.913	505
228.963	502
229.013	506
229.063	500
229.113	505
229.163	504
229.214	497
229.265	502
229.315	499
229.365	495
229.415	496
229.466	491
229.516	492
229.566	491
229.616	485
229.666	488
229.716	487
229.767	484
229.817	486
229.867	484
229.917	486
229.967	486
230.017	483
230.068	488
230.118	489
230.169	488
230.219	493
230.269	491
230.320	496
230.370	498
230.420	495
230.470	502
230.520	503
230.570	502
230.621	505
230.671	501
230.721	506
230.771	507
230.821	502
230.872	506
230.922	504
230.972	501
231.022	502
231.073	495
231.123	499
231.174	497
231.224	491
231.274	494
231.324	491
231.374	489
231.424	489
231.475	482
231.525	487
231.575	486
231.625	482
231.675	486
231.726	485
231.776	485
231.826	488
231.876	483
231.926	490
231.977	492
232.028	488
232.078	495
232.128	495
232.178	496
232.228	500
232.278	495
232.329	503
232.379	503
232.429	500
232.479	505
232.529	504
232.580	504
232.630	506
232.680	500
232.730	505
232.780	503
232.830	497
232.882	501
232.932	499
232.982	496
233.032	496
233.082	489
233.133	493
233.183	492
233.233	487
233.283	489
233.333	487
233.383	486
233.434	487
233.484	482
233.534	486
233.584	487
233.634	483
233.684	488
233.735	488
233.786	489
233.836	492
233.886	487
233.936	496
233.987	496
234.037	494
234.087	500
234.137	500
234.187	502
234.237	504
234.288	498
234.338	505
234.388	505
234.438	503
234.488	506
234.538	503
234.589	504
234.639	504
234.690	497
234.740	501
234.790	499
234.841	494
234.891	496
234.941	492
234.991	492
235.041	491
235.091	485
235.142	488
235.192	487
235.242	483
235.292	486
235.342	485
235.392	486
235.443	487
235.493	483
235.544	488
235.594	489
235.644	488
235.695	493
235.745	493
235.795	496
235.845	497
235.895	494
235.945	500
235.996	501
236.046	499
236.096	504
236.146	504
236.196	505
236.246	506
236.297	499
236.347	505
236.397	503
236.448	500
236.498	503
236.549	502
236.599	501
236.649	499
236.699	494
236.749	496
236.799	494
236.850	491
236.900	492
236.950	488
237.000	489
237.050	489
237.101	483
237.151	487
237.201	486
237.251	485
237.301	487
237.352	485
237.403	488
237.453	489
237.503	486
237.553	492
237.603	493
237.653	492
237.704	496
237.754	494
237.804	499
237.854	501
237.904	497
237.955	504
238.005	504
238.055	502
238.105	506
238.155	499
238.205	506
238.257	505
238.307	500
238.357	504
238.407	502
238.457	500
238.507	500
238.558	493
238.608	497
238.658	494
238.708	487
238.758	491
238.809	488
238.859	486
238.909	487
238.959	481
239.009	485
239.059	485
239.110	482
239.161	486
239.211	487
239.261	486
239.311	489
239.361	485
239.412	492
239.462	494
239.512	490
239.562	498
239.612	498
239.663	499
239.713	502
239.763	497
239.813	504
239.863	504
239.913	501
239.964	506
240.014	504
240.065	504
240.115	504
240.165	498
240.216	503
240.266	501
240.316	496
240.366	499
240.416	497
240.466	495
240.517	495
240.567	486
240.617	491
240.667	490
240.717	485
240.767	488
240.818	487
240.868	485
240.918	487
240.969	482
241.019	487
241.070	487
241.120	485
241.170	489
241.220	490
241.270	489
241.320	494
241.371	489
241.421	497
241.471	498
241.521	495
241.571	501
241.621	501
241.672	504
241.722	505
241.772	499
241.822	506
241.873	505
241.924	501
241.974	506
242.024	503
242.074	503
242.124	503
242.174	496
242.225	500
242.275	497
242.325	493
242.375	494
242.425	491
242.475	490
242.526	489
242.576	483
242.626	487
242.676	486
242.726	482
242.778	486
242.828	485
242.878	486
242.928	487
242.978	484
243.028	490
243.079	490
243.129	489
243.179	494
243.229	496
243.279	497
243.329	499
243.380	494
243.430	501
243.480	501
243.530	500
243.580	503
243.631	498
243.682	504
243.732	503
243.782	498
243.832	503
243.882	502
243.933	499
243.983	501
244.033	496
244.083	499
244.133	499
244.184	492
244.234	498
244.284	496
244.334	492
244.384	495
244.434	491
244.485	493
244.536	493
244.586	487
244.636	490
244.686	490
244.736	486
244.787	489
244.837	486
244.887	488
244.937	489
244.987	485
245.038	489
245.088	490
245.138	488
245.188	492
245.238	487
245.288	495
245.339	496
245.389	492
245.440	500
245.490	501
245.540	501
245.590	504
245.641	499
245.691	506
245.741	507
245.791	502
245.841	507
245.892	506
245.942	504
245.992	505
246.042	498
246.092	501
246.142	499
246.193	492
246.243	494
246.293	492
246.344	488
246.394	488
246.445	481
246.495	485
246.545	484
246.595	480
246.645	484
246.695	483
246.746	483
246.796	486
246.846	482
246.896	489
246.946	491
246.996	489
247.047	496
247.097	497
247.147	499
247.197	502
247.248	497
247.299	505
247.349	506
247.399	502
247.449	508
247.499	505
247.549	506
247.600	506
247.650	501
247.700	504
247.750	503
247.800	497
247.850	499
247.901	497
247.951	494
248.001	494
248.051	487
248.101	491
248.153	489
248.203	485
248.253	488
248.303	487
248.353	484
248.403	488
248.454	484
248.504	488
248.554	488
248.604	486
248.654	490
248.704	490
248.755	492
248.805	493
248.855	490
248.905	496
248.955	497
249.006	495
249.057	499
249.107	499
249.157	501
249.207	502
249.257	497
249.308	503
249.358	503
249.408	500
249.458	504
249.508	502
249.558	503
249.609	503
249.659	496
249.709	502
249.759	500
249.809	496
249.860	498
249.910	495
249.961	495
250.011	494
250.061	487
250.111	490
250.162	489
250.212	486
250.262	487
250.312	489
250.362	486
250.413	486
250.463	482
250.513	487
250.563	487
250.613	485
250.663	490
250.714	489
250.764	492
250.814	494
250.865	491
250.915	498
250.965	499
251.016	498
251.066	503
251.116	499
251.166	506
251.216	506
251.267	501
251.317	507
251.367	505
251.417	504
251.467	505
251.517	498
251.568	502
251.618	501
251.668	494
251.718	498
251.769	496
251.819	492
251.870	494
251.920	487
251.970	490
252.020	490
252.070	484
252.121	488
252.171	487
252.221	486
252.271	488
252.321	484
252.371	489
252.422	490
252.472	487
252.522	491
252.572	491
252.622	492
252.673	494
252.724	491
252.774	496
252.824	497
252.874	494
252.924	499
252.975	499
253.025	499
253.075	502
253.125	497
253.175	503
253.225	503
253.276	499
253.326	503
253.376	502
253.426	502
253.476	503
253.526	496
253.578	502
253.628	501
253.678	496
253.728	498
253.778	496
253.829	494
253.879	494
253.929	488
253.979	491
254.029	490
254.079	485
254.130	488
254.180	486
254.230	485
254.280	486
254.330	482
254.381	487
254.431	487
254.482	484
254.532	490
254.582	490
254.632	491
254.683	494
254.733	489
254.783	498
254.833	500
254.883	497
254.933	503
254.984	503
255.034	505
255.084	507
255.134	500
255.184	507
255.235	507
255.285	502
255.336	506
255.386	503
255.436	502
255.486	501
255.537	494
255.587	497
255.637	495
255.687	489
255.737	492
255.787	489
255.838	488
255.888	487
255.938	482
255.988	485
256.038	485
256.089	482
256.139	486
256.189	486
256.240	487
256.290	489
256.340	486
256.391	492
256.441	494
256.491	492
256.541	497
256.591	497
256.641	500
256.692	501
256.742	496
256.792	503
256.842	504
256.892	501
256.943	505
256.993	503
257.043	504
257.093	503
257.144	497
257.194	503
257.245	501
257.295	498
257.345	499
257.395	499
257.445	497
257.496	496
257.546	490
257.596	494
257.646	493
257.696	489
257.746	491
257.797	487
257.847	489
257.897	489
257.947	484
257.997	488
258.048	488
258.099	485
258.149	489
258.199	487
258.249	490
258.299	491
258.350	487
258.400	493
258.450	494
258.500	494
258.550	498
258.600	495
258.651	500
258.701	502
258.751	498
258.801	505
258.851	504
258.901	504
258.953	506
259.003	500
259.053	506
259.103	505
259.153	499
259.204	503
259.254	501
259.304	498
259.354	498
259.404	490
259.454	494
259.505	491
259.555	485
259.605	488
259.655	486
259.705	483
259.755	485
259.806	479
259.857	484
259.907	485
259.957	481
260.007	487
260.058	488
260.108	488
260.158	492
260.208	488
260.258	496
260.308	498
260.359	495
260.409	502
260.459	502
260.509	503
260.559	505
260.609	500
260.660	507
260.710	506
260.761	502
260.811	506
260.861	503
260.912	502
260.962	502
261.012	494
261.062	499
261.112	498
261.162	492
261.213	495
261.263	493
261.313	492
261.363	492
261.413	485
261.464	489
261.514	489
261.564	485
261.614	488
261.665	487
261.715	487
261.766	489
261.816	484
261.866	490
261.916	491
261.966	488
262.016	493
262.067	492
262.117	493
262.167	495
262.217	490
262.267	497
262.318	498
262.368	496
262.418	501
262.468	500
262.518	502
262.569	503
262.620	496
262.670	504
262.720	504
262.770	500
262.820	504
262.870	502
262.921	503
262.971	503
263.021	495
263.071	500
263.121	499
263.172	494
263.222	496
263.272	492
263.322	492
263.372	491
263.422	484
263.474	488
263.524	487
263.574	482
263.624	486
263.674	485
263.725	486
263.775	486
263.825	483
263.875	488
263.925	489
263.975	488
264.026	493
264.076	491
264.126	496
264.176	498
264.226	496
264.276	502
264.327	503
264.378	502
264.428	505
264.478	500
264.528	507
264.579	506
264.629	502
264.679	506
264.729	504
264.779	501
264.829	503
264.880	496
264.930	500
264.980	498
265.030	490
265.080	494
265.130	492
265.181	488
265.231	490
265.282	487
265.332	488
265.382	487
265.433	483
265.483	487
265.533	487
265.583	485
265.633	488
265.683	487
265.734	490
265.784	492
265.834	488
265.884	494
265.934	494
265.984	494
266.035	497
266.085	494
266.136	500
266.186	501
266.236	497
266.287	502
266.337	502
266.387	501
266.437	504
266.487	497
266.537	504
266.588	503
266.638	498
266.688	503
266.738	501
266.788	500
266.838	500
266.889	493
266.939	498
266.989	497
267.040	491
267.090	494
267.141	492
267.191	489
267.241	490
267.291	484
267.341	488
267.391	487
267.442	483
267.492	486
267.542	486
267.592	485
267.642	488
267.693	484
267.743	490
267.793	491
267.843	488
267.893	495
267.944	495
267.995	497
268.045	500
268.095	495
268.145	503
268.195	504
268.245	501
268.296	506
268.346	505
268.396	506
268.446	506
268.496	501
268.547	505
268.597	504
268.647	498
268.697	501
268.747	499
268.797	497
268.849	497
268.899	489
268.949	493
268.999	491
269.049	486
269.099	489
269.150	487
269.200	484
269.250	486
269.300	481
269.350	486
269.401	487
269.451	484
269.501	489
269.551	489
269.601	490
269.651	493
269.702	489
269.753	496
269.803	497
269.853	495
269.903	500
269.953	499
270.004	502
270.054	503
270.104	498
270.154	505
270.204	504
270.255	501
270.305	505
270.355	502
270.405	503
270.455	503
270.505	495
270.556	501
270.606	499
270.657	496
270.707	497
270.757	495
270.808	494
270.858	493
270.908	488
270.958	491
271.008	489
271.058	485
271.109	488
271.159	486
271.209	488
271.259	488
271.309	484
271.359	488
271.410	488
271.460	486
271.510	490
271.561	493
271.611	493
271.662	495
271.712	491
271.762	498
271.812	499
271.862	498
271.912	502
271.963	499
272.013	505
272.063	505
272.113	499
272.163	506
272.213	505
272.264	503
272.314	505
272.364	500
272.414	503
272.465	502
272.516	495
272.566	499
272.616	496
272.666	493
272.716	494
272.766	487
272.817	490
272.867	489
272.917	484
272.967	487
273.017	486
273.067	484
273.118	486
273.168	481
273.218	487
273.268	488
273.318	485
273.370	490
273.420	491
273.470	492
273.520	495
273.570	491
273.620	498
273.671	500
273.721	496
273.771	503
273.821	502
273.871	502
273.921	505
273.972	499
274.022	505
274.072	505
274.122	501
274.172	504
274.223	502
274.274	500
274.324	501
274.374	494
274.424	498
274.474	497
274.525	491
274.575	494
274.625	491
274.675	489
274.725	490
274.776	484
274.826	487
274.876	486
274.926	482
274.976	486
275.026	486
275.077	486
275.128	488
275.178	484
275.228	490
275.278	491
275.328	488
275.379	495
275.429	496
275.479	496
275.529	500
275.579	497
275.630	502
275.680	504
275.730	500
275.780	506
275.830	504
275.880	505
275.931	506
275.981	499
276.032	505
276.082	504
276.132	498
276.182	501
276.233	499
276.283	497
276.333	496
276.383	490
276.433	493
276.484	491
276.534	486
276.584	488
276.634	486
276.684	486
276.734	486
276.785	482
276.835	486
276.885	487
276.936	484
276.986	488
277.037	489
277.087	490
277.137	492
277.187	489
277.237	496
277.287	498
277.338	495
277.388	501
277.438	500
277.488	503
277.538	504
277.588	499
277.639	506
277.689	505
277.739	502
277.789	505
277.840	503
277.891	504
277.941	503
277.991	497
278.041	500
278.091	499
278.141	494
278.192	496
278.242	495
278.292	493
278.342	492
278.392	485
278.442	489
278.493	488
278.543	485
278.593	487
278.643	485
278.693	487
278.745	487
278.795	484
278.845	489
278.895	489
278.945	489
278.995	492
279.046	490
279.096	495
279.146	497
279.196	493
279.246	501
279.296	501
279.347	500
279.397	504
279.447	500
279.497	506
279.547	506
279.598	500
279.649	506
279.699	505
279.749	502
279.799	504
279.849	498
279.900	501
279.950	499
280.000	492
280.050	496
280.100	493
280.150	489
280.201	491
280.251	486
280.301	487
280.351	486
280.401	481
280.452	485
280.502	485
280.553	484
280.603	486
280.653	483
280.703	488
280.754	490
280.804	488
280.854	494
280.904	495
280.954	496
281.005	499
281.055	494
281.105	503
281.155	504
281.205	500
281.255	506
281.306	506
281.356	506
281.406	507
281.457	500
281.507	505
281.557	504
281.608	498
281.658	502
281.708	499
281.758	497
281.808	497
281.859	490
281.909	493
281.959	491
282.009	486
282.059	489
282.109	487
282.160	486
282.210	487
282.260	482
282.310	486
282.361	487
282.411	485
282.462	489
282.512	489
282.562	489
282.612	493
282.662	488
282.713	495
282.763	497
282.813	494
282.863	500
282.913	500
282.963	502
283.014	503
283.064	499
283.114	505
283.164	505
283.214	500
283.265	506
283.316	503
283.366	504
283.416	503
283.466	497
283.516	501
283.567	499
283.617	495
283.667	497
283.717	494
283.767	493
283.817	492
283.868	486
283.918	489
283.968	488
284.018	484
284.068	487
284.118	486
284.170	486
284.220	487
284.270	482
284.320	488
284.370	488
284.421	487
284.471	492
284.521	492
284.571	496
284.621	497
284.671	493
284.722	501
284.772	502
284.822	501
284.872	505
284.922	506
284.973	506
285.023	508
285.074	502
285.124	506
285.174	505
285.224	501
