#Creator: pendulumdriveEventBuffer
#Creation time: Fri Apr  7 15:31:08 2017
#Time	Pos
#[s]	[au]
0.049	447
0.100	452
0.150	457
0.200	453
0.251	466
0.301	469
0.351	465
0.401	477
0.451	470
0.501	479
0.552	480
0.602	468
0.652	478
0.702	473
0.752	464
0.802	467
0.853	453
0.903	455
0.953	451
1.004	438
1.054	444
1.105	441
1.155	436
1.205	442
1.255	435
1.305	446
1.355	452
1.406	450
1.456	463
1.506	467
1.556	468
1.606	480
1.656	469
1.707	485
1.757	487
1.807	477
1.857	485
1.908	479
1.959	470
2.009	471
2.059	455
2.109	457
2.159	452
2.209	437
2.260	442
2.310	437
2.360	431
2.410	436
2.460	430
2.510	442
2.561	447
2.611	444
2.661	460
2.711	465
2.761	468
2.813	481
2.863	474
2.913	490
2.963	492
3.013	484
3.063	492
3.114	486
3.164	477
3.214	477
3.264	458
3.314	461
3.364	453
3.415	438
3.465	438
3.515	431
3.565	424
3.615	428
3.666	421
3.717	432
3.767	437
3.817	436
3.867	452
3.917	460
3.968	465
4.018	480
4.068	478
4.118	495
4.168	499
4.219	491
4.269	503
4.319	497
4.369	491
4.419	490
4.469	470
4.520	472
4.570	461
4.621	444
4.671	441
4.721	431
4.771	420
4.822	421
4.872	412
4.922	418
4.972	422
5.022	421
5.073	437
5.123	445
5.173	453
5.223	469
5.273	471
5.323	490
5.374	498
5.424	496
5.475	510
5.525	505
5.575	505
5.625	506
5.676	489
5.726	489
5.776	478
5.826	457
5.876	455
5.927	441
5.977	428
6.027	423
6.077	411
6.127	412
6.177	412
6.228	409
6.278	420
6.328	431
6.379	434
6.429	450
6.480	454
6.530	475
6.580	486
6.630	488
6.680	505
6.730	498
6.781	511
6.831	513
6.881	496
6.931	504
6.981	494
7.031	477
7.082	473
7.132	455
7.182	445
7.232	437
7.283	419
7.334	419
7.384	414
7.434	408
7.484	414
7.534	415
7.584	422
7.635	435
7.685	439
7.735	458
7.785	469
7.835	473
7.885	492
7.936	489
7.986	506
8.036	510
8.086	497
8.136	509
8.188	501
8.238	489
8.288	487
8.338	469
8.388	462
8.438	452
8.489	433
8.539	432
8.589	424
8.639	414
8.689	418
8.739	412
8.790	420
8.840	428
8.890	428
8.940	446
8.990	455
9.041	461
9.092	479
9.142	475
9.192	495
9.242	501
9.292	491
9.343	505
9.393	501
9.443	492
9.493	493
9.543	473
9.593	474
9.644	464
9.694	446
9.744	446
9.794	436
9.844	424
9.895	426
9.945	418
9.996	424
10.046	428
10.096	427
10.146	440
10.197	447
10.247	451
10.297	466
10.347	463
10.397	482
10.448	488
10.498	484
10.548	497
10.598	494
10.648	490
10.698	493
10.749	473
10.799	481
10.849	472
10.900	457
10.950	458
11.000	449
11.051	440
11.101	439
11.151	428
11.201	434
11.251	434
11.302	430
11.352	440
11.402	443
11.452	445
11.502	457
11.552	452
11.603	469
11.653	474
11.703	472
11.753	483
11.804	482
11.854	481
11.905	485
11.955	472
12.005	480
12.055	476
12.105	462
12.156	467
12.206	460
12.256	454
12.306	455
12.356	444
12.406	449
12.457	447
12.507	442
12.557	449
12.607	450
12.657	448
12.708	455
12.759	450
12.809	460
12.859	463
12.909	458
12.959	468
13.010	466
13.060	466
13.110	470
13.160	459
13.210	470
13.260	469
13.311	460
13.361	468
13.411	462
13.461	464
13.511	466
13.561	455
13.613	465
13.663	464
13.713	456
13.763	464
13.813	458
13.864	461
13.914	463
13.964	453
14.014	461
14.064	459
14.114	452
14.165	458
14.215	447
14.265	453
14.315	454
14.365	445
14.416	454
14.466	455
14.517	450
14.567	459
14.617	456
14.667	462
14.718	467
14.768	461
14.818	473
14.868	474
14.918	470
14.968	479
15.019	471
15.069	477
15.119	477
15.169	464
15.219	471
15.270	466
15.320	456
15.371	458
15.421	447
15.471	446
15.521	444
15.572	433
15.622	440
15.672	440
15.722	435
15.772	444
15.822	439
15.873	452
15.923	459
15.973	456
16.023	472
16.073	476
16.124	475
16.174	488
16.224	480
16.275	492
16.325	491
16.375	477
16.426	486
16.476	478
16.526	468
16.576	466
16.626	449
16.676	450
16.727	443
16.777	429
16.827	432
16.877	429
16.927	424
16.978	431
17.028	426
17.078	439
17.128	446
17.179	446
17.229	464
17.280	470
17.330	475
17.380	488
17.430	482
17.480	500
17.531	501
17.581	488
17.631	499
17.681	491
17.731	482
17.781	480
17.832	460
17.882	460
17.932	450
17.982	433
18.032	432
18.083	425
18.134	416
18.184	420
18.234	415
18.284	425
18.334	431
18.385	433
18.435	449
18.485	457
18.535	467
18.585	482
18.635	478
18.686	499
18.736	504
18.786	498
18.836	509
18.886	501
18.936	497
18.988	495
19.038	475
19.088	475
19.138	463
19.188	444
19.239	440
19.289	429
19.339	417
19.389	417
19.439	408
19.489	414
19.540	418
19.590	420
19.640	433
19.690	443
19.740	453
19.790	468
19.841	468
19.892	491
19.942	499
19.992	498
20.042	512
20.093	501
20.143	509
20.193	507
20.243	489
20.293	491
20.343	479
20.394	460
20.444	456
20.494	440
20.544	428
20.594	423
20.644	410
20.695	413
20.745	412
20.796	409
20.846	420
20.896	428
20.947	435
20.997	451
21.047	452
21.097	475
21.147	485
21.197	488
21.248	505
21.298	498
21.348	512
21.398	513
21.448	499
21.499	503
21.549	492
21.599	475
21.649	472
21.700	451
21.750	446
21.801	437
21.851	421
21.901	420
21.951	415
22.001	408
22.051	416
22.102	416
22.152	425
22.202	437
22.252	439
22.302	459
22.353	469
22.403	474
22.453	491
22.503	487
22.553	505
22.604	508
22.655	495
22.705	506
22.755	498
22.805	486
22.855	485
22.905	463
22.956	464
23.006	453
23.056	434
23.106	435
23.156	427
23.207	419
23.257	422
23.307	415
23.357	426
23.407	432
23.457	431
23.509	448
23.559	455
23.609	460
23.659	476
23.709	472
23.760	490
23.810	495
23.860	486
23.910	499
23.960	494
24.010	488
24.061	488
24.111	472
24.161	474
24.211	466
24.261	450
24.311	451
24.362	443
24.413	434
24.463	435
24.513	427
24.563	434
24.614	436
24.664	432
24.714	445
24.764	448
24.814	451
24.864	463
24.915	459
24.965	474
25.015	478
25.065	472
25.115	485
25.165	482
25.216	480
25.266	483
25.317	468
25.367	477
25.417	473
25.468	460
25.518	464
25.568	457
25.618	453
25.668	453
25.718	441
25.769	449
25.819	449
25.869	441
25.919	451
25.969	449
26.019	450
26.070	457
26.120	450
26.171	461
26.221	463
26.271	457
26.322	467
26.372	465
26.422	466
26.472	470
26.522	461
26.572	470
26.623	469
26.673	463
26.723	469
26.773	466
26.823	465
26.873	468
26.924	459
26.974	467
27.024	465
27.075	457
27.125	464
27.176	459
27.226	458
27.276	460
27.326	450
27.376	456
27.426	454
27.477	446
27.527	453
27.577	449
27.627	450
27.677	454
27.728	446
27.778	457
27.828	459
27.878	456
27.928	466
27.979	464
28.030	470
28.080	476
28.130	470
28.180	480
28.230	480
28.280	474
28.331	481
28.381	471
28.431	473
28.481	471
28.531	457
28.582	461
28.632	455
28.682	444
28.732	446
28.782	435
28.832	436
28.884	438
28.934	432
28.984	440
29.034	442
29.084	440
29.134	453
29.185	449
29.235	465
29.285	474
29.335	470
29.385	487
29.436	489
29.486	487
29.536	496
29.586	483
29.636	492
29.686	488
29.737	472
29.788	475
29.838	466
29.888	452
29.938	450
29.988	435
30.039	433
30.089	429
30.139	419
30.189	425
30.239	426
30.290	424
30.340	435
30.390	434
30.440	450
30.490	461
30.540	461
30.591	481
30.641	488
30.692	489
30.742	503
30.792	494
30.843	507
30.893	505
30.943	492
30.993	494
31.043	483
31.093	470
31.144	464
31.194	443
31.244	442
31.294	432
31.344	417
31.394	418
31.445	415
31.495	408
31.545	418
31.596	416
31.646	432
31.697	442
31.747	445
31.797	465
31.847	475
31.897	483
31.947	499
31.998	494
32.048	513
32.098	514
32.148	500
32.198	511
32.248	500
32.299	490
32.349	484
32.399	462
32.449	458
32.500	445
32.551	426
32.601	424
32.651	415
32.701	406
32.751	409
32.801	406
32.852	415
32.902	423
32.952	427
33.002	446
33.052	457
33.102	468
33.153	486
33.203	484
33.253	507
33.303	512
33.353	507
33.405	518
33.455	509
33.505	506
33.555	501
33.605	478
33.655	478
33.706	464
33.756	444
33.806	438
33.856	426
33.906	414
33.956	411
34.007	403
34.057	409
34.107	412
34.157	413
34.207	429
34.258	439
34.309	450
34.359	467
34.409	468
34.459	492
34.509	501
34.560	500
34.610	516
34.660	504
34.710	513
34.760	511
34.811	491
34.861	495
34.911	481
34.961	462
35.011	457
35.061	442
35.112	429
35.163	423
35.213	411
35.263	412
35.313	411
35.363	409
35.414	419
35.464	427
35.514	436
35.564	449
35.614	450
35.665	473
35.715	484
35.765	486
35.815	503
35.865	495
35.915	510
35.966	510
36.016	495
36.067	502
36.117	493
36.167	477
36.217	474
36.268	451
36.318	449
36.368	441
36.418	425
36.468	426
36.519	422
36.569	416
36.619	422
36.669	418
36.719	429
36.769	439
36.820	441
36.870	457
36.920	466
36.971	469
37.021	485
37.072	479
37.122	496
37.172	499
37.222	489
37.272	499
37.322	493
37.373	483
37.423	483
37.473	465
37.523	467
37.573	459
37.623	443
37.674	445
37.724	439
37.774	432
37.824	434
37.875	426
37.926	435
37.976	439
38.026	435
38.076	448
38.126	453
38.176	456
38.227	467
38.277	462
38.327	478
38.377	481
38.427	476
38.477	487
38.528	482
38.578	479
38.628	482
38.678	468
38.728	476
38.780	471
38.830	458
38.880	463
38.930	457
38.980	451
39.030	453
39.081	443
39.131	450
39.181	449
39.231	442
39.281	451
39.331	450
39.382	449
39.432	456
39.482	448
39.532	461
39.582	463
39.633	457
39.684	467
39.734	465
39.784	465
39.834	471
39.884	463
39.935	472
39.985	472
40.035	464
40.085	473
40.135	470
40.185	468
40.236	471
40.286	460
40.336	469
40.386	465
40.436	456
40.487	462
40.537	457
40.588	452
40.638	455
40.688	444
40.738	451
40.789	449
40.839	441
40.889	449
40.939	447
40.989	448
41.040	454
41.090	447
41.140	461
41.190	464
41.240	462
41.290	473
41.341	469
41.391	478
41.441	483
41.492	475
41.542	486
41.592	483
41.643	476
41.693	480
41.743	467
41.793	467
41.843	464
41.894	449
41.944	452
41.994	446
42.044	435
42.094	438
42.144	431
42.195	432
42.245	435
42.295	430
42.345	442
42.396	447
42.446	448
42.497	463
42.547	463
42.597	477
42.647	486
42.697	480
42.748	496
42.798	497
42.848	492
42.898	498
42.948	479
42.998	488
43.049	481
43.099	464
43.149	464
43.199	454
43.249	440
43.300	436
43.351	423
43.401	422
43.451	422
43.501	415
43.551	423
43.602	428
43.652	429
43.702	444
43.752	446
43.802	464
43.852	476
43.903	476
43.953	496
44.003	500
44.053	500
44.103	511
44.153	498
44.205	508
44.255	502
44.305	483
44.355	485
44.405	470
44.456	456
44.506	448
44.556	429
44.606	426
44.656	419
44.706	407
44.757	411
44.807	412
44.857	412
44.907	423
44.957	425
45.008	444
45.058	456
45.109	461
45.159	483
45.209	492
45.259	498
45.310	512
45.360	503
45.410	519
45.460	517
45.510	500
45.560	505
45.611	491
45.661	476
45.711	469
45.761	446
45.811	441
45.862	429
45.912	411
45.963	410
46.013	406
46.063	400
46.113	408
46.164	409
46.214	422
46.264	434
46.314	441
46.364	462
46.414	473
46.465	485
46.515	502
46.565	496
46.615	518
46.665	521
46.716	512
46.766	519
46.816	507
46.867	497
46.917	490
46.967	467
47.018	462
47.068	447
47.118	427
47.168	423
47.218	413
47.268	402
47.319	405
47.369	401
47.419	410
47.469	417
47.519	421
47.570	440
47.620	452
47.670	465
47.720	482
47.771	483
47.821	506
47.872	513
47.922	508
47.972	521
48.022	512
48.072	511
48.123	505
48.173	483
48.223	483
48.273	469
48.323	450
48.373	443
48.424	431
48.474	417
48.524	414
48.574	404
48.624	409
48.675	412
48.726	412
48.776	426
48.826	435
48.876	445
48.926	462
48.977	463
49.027	485
49.077	493
49.127	495
49.177	508
49.227	499
49.278	509
49.328	508
49.378	491
49.428	495
49.478	483
49.528	466
49.580	465
49.630	447
49.680	441
49.730	435
49.780	422
49.831	423
49.881	421
49.931	418
49.981	426
50.031	424
50.081	436
50.132	446
50.182	446
50.232	463
50.282	470
50.332	473
50.382	486
50.433	481
50.484	495
50.534	497
50.584	486
50.634	495
50.685	489
50.735	481
50.785	480
50.835	465
50.885	466
50.935	459
50.986	445
51.036	448
51.086	442
51.136	434
51.186	438
51.236	429
51.287	438
51.337	440
51.388	437
51.438	448
51.488	451
51.539	451
51.589	462
51.639	457
51.689	471
51.739	475
51.789	468
51.840	482
51.890	481
51.940	480
51.990	485
52.040	473
52.091	483
52.141	479
52.191	469
52.241	473
52.292	467
52.342	459
52.393	461
52.443	447
52.493	452
52.543	448
52.593	438
52.643	442
52.694	440
52.744	435
52.794	442
52.844	434
52.894	446
52.945	449
52.995	446
53.045	460
53.095	462
53.145	466
53.196	477
53.247	472
53.297	486
53.347	489
53.397	483
53.447	493
53.497	488
53.548	485
53.598	486
53.648	470
53.698	474
53.748	467
53.799	452
53.849	453
53.899	443
53.949	434
53.999	434
54.049	423
54.101	427
54.151	428
54.201	424
54.251	434
54.301	439
54.352	444
54.402	457
54.452	457
54.502	475
54.552	482
54.602	484
54.653	499
54.703	495
54.753	503
54.803	506
54.853	490
54.903	500
54.954	491
55.005	475
55.055	473
55.105	462
55.155	448
55.206	441
55.256	423
55.306	422
55.356	417
55.406	408
55.456	414
55.507	419
55.557	419
55.607	430
55.657	434
55.707	453
55.757	465
55.808	471
55.858	490
55.909	491
55.959	507
56.009	515
56.060	506
56.110	519
56.160	514
56.210	500
56.260	500
56.310	479
56.361	473
56.411	462
56.461	439
56.511	434
56.561	422
56.611	408
56.662	406
56.712	399
56.763	400
56.813	408
56.863	409
56.914	425
56.964	438
57.014	446
57.064	468
57.114	473
57.164	496
57.215	508
57.265	506
57.315	524
57.365	524
57.415	517
57.465	521
57.516	499
57.566	501
57.616	487
57.667	465
57.717	457
57.768	441
57.818	421
57.868	416
57.918	400
57.968	398
58.018	398
58.069	395
58.119	405
58.169	415
58.219	422
58.269	442
58.320	449
58.370	473
58.420	488
58.470	490
58.520	514
58.571	519
58.622	520
58.672	528
58.722	511
58.772	519
58.822	509
58.872	487
58.923	483
58.973	466
59.023	446
59.073	437
59.123	417
59.174	413
59.224	406
59.274	397
59.324	401
59.374	404
59.424	406
59.476	422
59.526	426
59.576	448
59.626	463
59.676	467
59.726	491
59.777	499
59.827	507
59.877	519
59.927	505
59.977	521
60.028	516
60.078	500
60.128	500
60.178	486
60.228	471
60.278	462
60.329	441
60.380	437
60.430	427
60.480	413
60.530	413
60.580	411
60.631	409
60.681	417
60.731	417
60.781	432
60.831	443
60.882	446
60.932	466
60.982	473
61.032	484
61.082	496
61.132	490
61.183	506
61.233	507
61.284	496
61.334	503
61.384	493
61.435	485
61.485	482
61.535	463
61.585	463
61.635	453
61.685	440
61.736	438
61.786	431
61.836	425
61.886	427
61.936	420
61.986	430
62.037	434
62.087	433
62.137	447
62.188	451
62.238	457
62.289	468
62.339	465
62.389	481
62.439	485
62.489	482
62.539	493
62.590	484
62.640	490
62.690	491
62.740	477
62.790	483
62.840	477
62.891	465
62.941	467
62.991	455
63.041	452
63.092	450
63.143	438
63.193	442
63.243	438
63.293	431
63.343	438
63.393	431
63.444	438
63.494	444
63.544	440
63.594	453
63.644	458
63.694	457
63.745	470
63.795	463
63.845	480
63.895	484
63.945	480
63.997	491
64.047	491
64.097	484
64.147	490
64.197	475
64.247	482
64.298	477
64.348	464
64.398	464
64.448	456
64.498	443
64.548	444
64.599	430
64.649	432
64.699	430
64.749	422
64.799	429
64.850	431
64.901	430
64.951	442
65.001	440
65.051	456
65.101	467
65.152	465
65.202	484
65.252	488
65.302	492
65.352	502
65.403	493
65.453	506
65.503	503
65.553	488
65.603	493
65.653	482
65.704	468
65.755	464
65.805	444
65.855	442
65.905	433
65.955	418
66.006	419
66.056	415
66.106	410
66.156	415
66.206	414
66.257	428
66.307	438
66.357	442
66.407	461
66.457	471
66.507	480
66.558	497
66.608	493
66.659	514
66.709	517
66.759	507
66.809	517
66.860	508
66.910	498
66.960	494
67.010	470
67.060	468
67.111	453
67.161	433
67.211	427
67.261	415
67.311	403
67.361	403
67.412	398
67.462	404
67.512	410
67.563	412
67.613	431
67.664	443
67.714	456
67.764	475
67.814	479
67.864	504
67.914	514
67.965	512
68.015	528
68.065	522
68.115	522
68.165	521
68.215	496
68.266	498
68.316	483
68.366	460
68.416	451
68.467	433
68.518	416
68.568	409
68.618	394
68.668	395
68.718	394
68.768	392
68.819	404
68.869	415
68.919	426
68.969	446
69.019	451
69.069	479
69.120	494
69.170	501
69.220	521
69.270	514
69.320	531
69.372	534
69.422	515
69.472	523
69.522	509
69.572	488
69.622	480
69.673	458
69.723	442
69.773	430
69.823	411
69.873	404
69.923	397
69.974	388
70.024	392
70.074	402
70.124	402
70.174	418
70.225	426
70.276	450
70.326	466
70.376	475
70.426	499
70.476	498
70.527	522
70.577	529
70.627	518
70.677	532
70.727	524
70.777	509
70.828	506
70.878	479
70.928	472
70.978	458
71.028	435
71.079	427
71.129	415
71.180	400
71.230	399
71.280	393
71.330	396
71.381	405
71.431	409
71.481	425
71.531	440
71.581	449
71.632	471
71.682	474
71.732	500
71.782	510
71.832	506
71.882	524
71.933	521
71.983	515
72.033	516
72.084	495
72.134	496
72.184	484
72.235	463
72.285	456
72.335	442
72.385	426
72.435	422
72.486	410
72.536	410
72.586	410
72.636	408
72.686	418
72.736	425
72.787	430
72.837	447
72.887	449
72.937	470
72.988	480
73.038	479
73.089	499
73.139	502
73.189	502
73.239	510
73.289	496
73.340	503
73.390	497
73.440	480
73.490	481
73.540	469
73.590	456
73.641	453
73.691	436
73.741	436
73.791	431
73.841	420
73.892	426
73.943	426
73.993	423
74.043	433
74.093	430
74.143	446
74.194	452
74.244	452
74.294	468
74.344	473
74.394	477
74.444	488
74.495	481
74.545	495
74.595	496
74.645	487
74.695	495
74.745	487
74.797	483
74.847	482
74.897	464
74.947	469
74.997	462
75.048	448
75.098	449
75.148	441
75.198	433
75.248	435
75.298	425
75.349	432
75.399	433
75.449	429
75.499	439
75.549	443
75.600	448
75.650	458
75.701	453
75.751	472
75.801	479
75.851	476
75.902	491
75.952	491
76.002	494
76.052	499
76.102	487
76.152	497
76.203	491
76.253	475
76.303	479
76.353	468
76.403	459
76.454	453
76.504	437
76.555	437
76.605	430
76.655	419
76.705	422
76.756	423
76.806	420
76.856	427
76.906	425
76.956	441
77.006	450
77.057	452
77.107	471
77.157	474
77.207	489
77.257	499
77.308	495
77.358	511
77.408	511
77.459	501
77.509	509
77.559	488
77.610	492
77.660	484
77.710	464
77.760	460
77.810	447
77.860	429
77.911	425
77.961	411
78.011	406
78.061	408
78.111	401
78.162	411
78.212	417
78.262	421
78.312	438
78.363	443
78.413	464
78.464	480
78.514	483
78.564	505
78.614	512
78.664	512
78.715	526
78.765	512
78.815	525
78.865	517
78.915	496
78.965	495
79.016	478
79.066	458
79.116	449
79.166	427
79.216	418
79.267	407
79.318	395
79.368	395
79.418	394
79.468	392
79.518	404
79.569	408
79.619	428
79.669	445
79.719	455
79.769	479
79.819	493
79.870	504
79.920	523
79.970	515
80.020	537
80.070	538
80.120	522
80.172	529
80.222	513
80.272	496
80.322	486
80.372	460
80.423	449
80.473	431
80.523	409
80.573	401
80.623	391
80.673	382
80.724	384
80.774	384
80.824	395
80.874	407
80.924	417
80.974	441
81.025	459
81.076	475
81.126	499
81.176	501
81.226	529
81.277	537
81.327	533
81.377	546
81.427	536
81.477	530
81.527	523
81.578	493
81.628	487
81.678	468
81.728	441
81.778	428
81.828	411
81.879	392
81.929	386
81.980	376
82.030	378
82.080	383
82.131	386
82.181	404
82.231	421
82.281	436
82.331	461
82.381	473
82.432	502
82.482	517
82.532	521
82.582	543
82.632	531
82.683	546
82.733	545
82.783	520
82.833	523
82.884	504
82.934	477
82.985	466
83.035	443
83.085	422
83.135	407
83.185	389
83.235	384
83.286	379
83.336	374
83.386	383
83.436	398
83.486	402
83.537	424
83.587	434
83.637	463
83.687	483
83.737	495
83.788	520
83.839	515
83.889	540
83.939	546
83.989	528
84.039	542
84.089	530
84.140	508
84.190	501
84.240	475
84.290	460
84.340	443
84.391	419
84.441	409
84.491	397
84.541	384
84.591	384
84.641	381
84.693	386
84.743	400
84.793	408
84.843	430
84.893	447
84.944	460
84.994	485
85.044	489
85.094	516
85.144	526
85.194	519
85.245	537
85.295	533
85.345	522
85.395	522
85.445	497
85.495	494
85.546	479
85.597	454
85.647	445
85.697	430
85.747	413
85.798	407
85.848	397
85.898	396
85.948	399
85.998	398
86.048	412
86.099	423
86.149	430
86.199	450
86.249	456
86.299	478
86.349	491
86.400	493
86.450	512
86.501	515
86.551	513
86.601	521
86.652	506
86.702	511
86.752	502
86.802	481
86.852	480
86.902	466
86.953	450
87.003	444
87.053	426
87.103	425
87.153	419
87.203	410
87.254	414
87.304	415
87.355	416
87.405	426
87.455	427
87.506	444
87.556	454
87.606	457
87.656	474
87.706	482
87.756	487
87.807	499
87.857	492
87.907	507
87.957	507
88.007	496
88.057	502
88.108	494
88.158	485
88.208	481
88.259	462
88.309	463
88.360	453
88.410	436
88.460	436
88.510	428
88.560	420
88.610	422
88.661	415
88.711	422
88.761	425
88.811	424
88.861	438
88.912	444
88.962	452
89.012	466
89.062	465
89.112	485
89.163	493
89.214	491
89.264	507
89.314	504
89.364	507
89.414	509
89.464	492
89.515	498
89.565	490
89.615	472
89.665	471
89.715	456
89.766	444
89.816	436
89.866	418
89.916	419
89.966	414
90.016	405
90.068	411
90.118	415
90.168	416
90.218	428
90.268	430
90.318	450
90.369	463
90.419	468
90.469	489
90.519	489
90.569	508
90.620	517
90.670	508
90.720	524
90.770	520
90.820	505
90.870	509
90.921	488
90.972	482
91.022	470
91.072	448
91.122	440
91.172	426
91.223	409
91.273	405
91.323	399
91.373	392
91.423	398
91.474	397
91.524	411
91.574	423
91.624	432
91.674	453
91.724	463
91.775	485
91.825	502
91.876	504
91.926	526
91.976	531
92.027	528
92.077	537
92.127	515
92.177	524
92.227	512
92.277	486
92.328	481
92.378	461
92.428	437
92.478	426
92.528	405
92.578	394
92.629	389
92.679	380
92.729	383
92.780	388
92.830	392
92.881	409
92.931	419
92.981	442
93.031	464
93.081	475
93.131	503
93.182	516
93.232	525
93.282	544
93.332	535
93.382	550
93.432	545
93.483	521
93.533	524
93.583	503
93.633	482
93.684	468
93.735	438
93.785	424
93.835	407
93.885	387
93.935	381
93.985	376
94.036	369
94.086	377
94.136	382
94.186	399
94.236	417
94.286	430
94.337	459
94.387	479
94.437	497
94.487	522
94.537	522
94.589	549
94.639	554
94.689	541
94.739	554
94.789	539
94.839	525
94.890	513
94.940	481
94.990	471
95.040	447
95.090	418
95.140	405
95.191	390
95.241	372
95.291	369
95.341	365
95.391	370
95.442	380
95.493	390
95.543	412
95.593	433
95.643	453
95.693	481
95.744	491
95.794	523
95.844	538
95.894	538
95.944	559
95.995	553
96.045	551
96.095	548
96.145	517
96.195	515
96.245	493
96.296	463
96.347	448
96.397	423
96.447	400
96.497	387
96.547	371
96.598	367
96.648	366
96.698	367
96.748	379
96.798	395
96.849	409
96.899	434
96.949	449
96.999	481
97.049	503
97.099	514
97.150	540
97.200	540
97.251	554
97.301	558
97.351	538
97.401	546
97.452	530
97.502	503
97.552	492
97.602	463
97.652	442
97.703	424
97.753	400
97.803	389
97.853	379
97.903	368
97.953	370
98.004	382
98.054	380
98.104	399
98.155	412
98.205	437
98.256	459
98.306	474
98.356	503
98.406	507
98.456	533
98.506	544
98.557	534
98.607	552
98.657	544
98.707	527
98.757	525
98.807	494
98.858	487
98.908	468
98.958	438
99.008	427
99.059	411
99.110	392
99.160	388
99.210	379
99.260	378
99.310	386
99.360	392
99.411	408
99.461	424
99.511	436
99.561	461
99.611	468
99.661	497
99.712	512
99.762	512
99.812	532
99.862	533
99.912	529
99.964	533
100.014	511
100.064	514
100.114	500
100.164	474
100.214	469
100.265	451
100.315	431
100.365	423
100.415	407
100.465	404
100.515	400
100.566	394
100.616	401
100.666	408
100.716	412
100.766	430
100.817	433
100.868	456
100.918	470
100.968	477
101.018	496
101.068	502
101.119	507
101.169	518
101.219	506
101.269	520
101.319	515
101.369	496
101.420	501
101.470	487
101.520	472
101.570	466
101.620	446
101.671	442
101.721	433
101.772	417
101.822	418
101.872	414
101.922	409
101.973	415
102.023	413
102.073	426
102.123	434
102.173	437
102.224	455
102.274	463
102.324	472
102.374	487
102.424	482
102.474	503
102.525	507
102.575	500
102.625	513
102.676	506
102.726	501
102.776	500
102.827	480
102.877	483
102.927	472
102.977	452
103.027	451
103.078	439
103.128	426
103.178	423
103.228	411
103.278	414
103.328	413
103.379	409
103.429	419
103.479	426
103.529	432
103.580	446
103.630	448
103.681	470
103.731	480
103.781	484
103.831	503
103.881	501
103.932	513
103.982	518
104.032	507
104.082	516
104.132	510
104.182	491
104.233	492
104.283	471
104.333	464
104.383	453
104.433	430
104.484	427
104.535	416
104.585	403
104.635	403
104.685	406
104.735	400
104.786	408
104.836	410
104.886	427
104.936	440
104.986	448
105.036	470
105.087	476
105.137	498
105.187	512
105.237	510
105.287	529
105.337	529
105.389	523
105.439	529
105.489	509
105.539	509
105.589	496
105.640	471
105.690	464
105.740	446
105.790	426
105.840	415
105.890	399
105.941	390
105.991	388
106.041	382
106.091	390
106.141	398
106.192	404
106.242	424
106.293	433
106.343	457
106.393	479
106.443	484
106.494	513
106.544	524
106.594	529
106.644	545
106.694	533
106.744	545
106.795	537
106.845	511
106.895	512
106.945	492
106.995	467
107.046	454
107.096	426
107.147	412
107.197	399
107.247	382
107.297	378
107.348	377
107.398	372
107.448	383
107.498	390
107.548	410
107.598	430
107.649	442
107.699	473
107.749	492
107.799	506
107.849	531
107.900	529
107.950	553
108.000	556
108.051	538
108.101	549
108.151	533
108.202	516
108.252	503
108.302	470
108.352	458
108.402	436
108.452	407
108.503	396
108.553	383
108.603	368
108.653	366
108.703	364
108.754	373
108.804	386
108.854	396
108.904	422
108.955	443
109.005	464
109.056	491
109.106	499
109.156	533
109.206	546
109.256	545
109.307	563
109.357	555
109.407	550
109.457	545
109.507	513
109.557	509
109.608	485
109.658	454
109.708	437
109.758	415
109.808	390
109.859	379
109.910	366
109.960	362
110.010	363
110.060	365
110.110	380
110.161	398
110.211	413
110.261	441
110.311	457
110.361	491
110.411	512
110.462	520
110.512	549
110.562	550
110.612	561
110.662	564
110.712	543
110.764	547
110.814	529
110.864	500
110.914	487
110.964	463
111.015	434
111.065	415
111.115	390
111.165	378
111.215	369
111.265	360
111.316	362
111.366	379
111.416	377
111.466	398
111.516	412
111.566	442
111.617	465
111.668	481
111.718	513
111.768	515
111.818	545
111.869	556
111.919	544
111.969	561
112.019	552
112.069	535
112.119	528
112.170	495
112.220	483
112.270	462
112.320	430
112.370	416
112.420	398
112.471	379
112.521	373
112.572	367
112.622	364
112.672	376
112.723	384
112.773	404
112.823	423
112.873	438
112.923	467
112.973	478
113.024	509
113.074	526
113.124	525
113.174	548
113.224	548
113.275	542
113.325	546
113.375	519
113.425	520
113.476	501
113.526	472
113.577	461
113.627	440
113.677	417
113.727	406
113.777	391
113.827	384
113.878	382
113.928	380
113.978	388
114.028	399
114.078	408
114.129	429
114.179	441
114.229	466
114.279	484
114.329	492
114.380	515
114.431	521
114.481	526
114.531	537
114.581	522
114.631	531
114.681	522
114.732	498
114.782	496
114.832	479
114.882	460
114.932	450
114.983	429
115.033	421
115.083	411
115.133	398
115.183	400
115.233	401
115.285	400
115.335	410
115.385	413
115.435	432
115.485	445
115.536	452
115.586	473
115.636	482
115.686	492
115.736	507
115.786	500
115.837	519
115.887	520
115.937	507
115.987	515
116.037	503
116.087	494
116.138	489
116.189	466
116.239	464
116.289	452
116.339	433
116.390	431
116.440	422
116.490	412
116.540	413
116.590	407
116.640	414
116.691	418
116.741	418
116.791	433
116.841	442
116.891	450
116.941	466
116.992	466
117.042	488
117.093	496
117.143	496
117.193	511
117.244	509
117.294	511
117.344	513
117.394	498
117.444	502
117.494	492
117.545	476
117.595	472
117.645	458
117.695	444
117.745	437
117.795	420
117.846	419
117.896	414
117.947	405
117.997	410
118.047	413
118.098	414
118.148	425
118.198	427
118.248	447
118.298	458
118.348	465
118.399	485
118.449	488
118.499	504
118.549	515
118.599	509
118.649	524
118.700	521
118.750	510
118.800	513
118.851	494
118.901	489
118.952	478
119.002	456
119.052	449
119.102	434
119.152	416
119.202	411
119.253	407
119.303	394
119.353	397
119.403	395
119.453	405
119.504	415
119.554	421
119.604	442
119.654	453
119.704	472
119.755	490
119.806	496
119.856	518
119.906	525
119.956	525
120.006	538
120.056	520
120.107	530
120.157	522
120.207	494
120.257	495
120.307	475
120.358	452
120.408	441
120.458	416
120.508	405
120.558	396
120.608	384
120.660	383
120.710	383
120.760	384
120.810	397
120.860	404
120.910	424
120.961	444
121.011	456
121.061	484
121.111	501
121.161	512
121.212	533
121.262	527
121.312	549
121.362	549
121.412	532
121.462	537
121.513	521
121.564	500
121.614	489
121.664	457
121.714	446
121.764	426
121.815	402
121.865	391
121.915	381
121.965	370
122.015	370
122.066	371
122.116	382
122.166	396
122.216	407
122.266	433
122.316	454
122.367	473
122.417	500
122.468	506
122.518	536
122.568	548
122.619	542
122.669	560
122.719	551
122.769	542
122.819	536
122.869	503
122.920	498
122.970	476
123.020	445
123.070	429
123.120	407
123.170	384
123.221	375
123.271	364
123.321	362
123.372	365
123.422	369
123.473	386
123.523	404
123.573	421
123.623	449
123.673	463
123.723	498
123.774	518
123.824	526
123.874	553
123.924	553
123.974	562
124.024	565
124.075	539
124.125	544
124.175	525
124.225	496
124.276	481
124.327	453
124.377	427
124.427	407
124.477	384
124.527	372
124.577	363
124.628	354
124.678	359
124.728	369
124.778	376
124.828	398
124.878	413
124.929	445
124.979	470
125.029	488
125.079	520
125.129	524
125.181	551
125.231	564
125.281	550
125.331	569
125.381	559
125.431	535
125.482	530
125.532	497
125.582	481
125.632	458
125.682	425
125.732	408
125.783	388
125.833	368
125.883	362
125.933	367
125.983	352
126.034	365
126.085	375
126.135	397
126.185	419
126.235	438
126.285	470
126.336	487
126.386	517
126.436	538
126.486	535
126.536	563
126.587	564
126.637	554
126.687	559
126.737	529
126.787	528
126.837	507
126.888	472
126.939	459
126.989	433
127.039	406
127.089	392
127.139	375
127.190	361
127.240	362
127.290	361
127.340	370
127.390	383
127.441	396
127.491	423
127.541	437
127.591	469
127.641	494
127.691	501
127.742	532
127.792	543
127.843	545
127.893	559
127.943	540
127.993	551
128.044	538
128.094	512
128.144	503
128.194	480
128.244	452
128.295	437
128.345	411
128.395	400
128.445	388
128.495	376
128.545	375
128.596	378
128.646	378
128.696	395
128.747	404
128.797	427
128.848	447
128.898	459
128.948	488
128.998	503
129.048	513
129.098	531
129.149	524
129.199	543
129.249	541
129.299	524
129.349	527
129.399	509
129.450	493
129.500	481
129.550	454
129.600	445
129.651	430
129.702	410
129.752	404
129.802	398
129.852	389
129.902	394
129.952	394
130.003	407
130.053	418
130.103	425
130.153	446
130.203	459
130.253	472
130.304	490
130.354	488
130.404	512
130.454	519
130.504	512
130.556	525
130.606	518
130.656	511
130.706	508
130.756	485
130.806	486
130.857	472
130.907	452
130.957	447
131.007	434
131.057	421
131.107	417
131.158	406
131.208	408
131.258	409
131.308	407
131.358	419
131.409	427
131.460	432
131.510	448
131.560	450
131.610	472
131.660	482
131.711	483
131.761	503
131.811	504
131.861	510
131.911	517
131.961	504
132.012	513
132.062	506
132.112	489
132.162	490
132.212	471
132.263	464
132.313	455
132.364	434
132.414	432
132.464	423
132.514	411
132.565	411
132.615	413
132.665	407
132.715	414
132.765	414
132.816	430
132.866	439
132.916	445
132.966	464
133.016	471
133.066	487
133.117	500
133.167	498
133.217	518
133.268	520
133.318	514
133.368	522
133.419	505
133.469	508
133.519	498
133.569	474
133.619	473
133.670	457
133.720	438
133.770	431
133.820	413
133.870	406
133.920	402
133.971	395
134.021	399
134.071	403
134.121	404
134.172	419
134.222	426
134.273	445
134.323	463
134.373	470
134.423	494
134.473	504
134.524	511
134.574	529
134.624	518
134.674	537
134.724	533
134.774	515
134.825	518
134.875	502
134.925	483
134.975	473
135.025	446
135.076	436
135.127	421
135.177	402
135.227	395
135.277	388
135.327	380
135.378	384
135.428	384
135.478	400
135.528	413
135.578	422
135.628	448
135.679	465
135.729	481
135.779	506
135.829	505
135.879	535
135.929	543
135.981	535
136.031	549
136.081	540
136.131	528
136.181	523
136.232	492
136.282	488
136.332	467
136.382	438
136.432	425
136.482	407
136.533	386
136.583	380
136.633	370
136.683	371
136.733	375
136.784	379
136.834	397
136.885	414
136.935	430
136.985	458
137.035	468
137.086	502
137.136	521
137.186	524
137.236	550
137.286	550
137.336	554
137.387	558
137.437	534
137.487	537
137.537	518
137.587	486
137.638	476
137.688	450
137.739	424
137.789	407
137.839	386
137.889	375
137.940	367
137.990	360
138.040	364
138.090	375
138.140	382
138.190	404
138.241	419
138.291	450
138.341	474
138.391	489
138.441	522
138.492	532
138.542	549
138.592	563
138.643	549
138.693	566
138.743	555
138.794	530
138.844	527
138.894	499
138.944	477
138.994	456
139.044	424
139.095	407
139.145	388
139.195	368
139.245	363
139.295	371
139.346	354
139.396	367
139.446	378
139.496	399
139.547	421
139.597	440
139.648	472
139.698	486
139.748	518
139.798	540
139.848	538
139.899	564
139.949	565
139.999	552
140.049	560
140.099	524
140.149	528
140.200	507
140.250	472
140.300	457
140.350	431
140.400	404
140.451	389
140.502	381
140.552	360
140.602	360
140.652	359
140.702	369
140.753	383
140.803	396
140.853	422
140.903	439
140.953	469
141.003	495
141.054	505
141.104	535
141.154	545
141.204	547
141.254	561
141.304	544
141.356	554
141.406	540
141.456	511
141.506	503
141.556	479
141.607	451
141.657	435
141.707	407
141.757	394
141.807	383
141.857	372
141.908	370
141.958	373
142.008	376
142.058	392
142.108	404
142.158	426
142.209	448
142.260	460
142.310	491
142.360	506
142.410	516
142.461	536
142.511	529
142.561	547
142.611	546
142.661	528
142.711	529
142.762	511
142.812	492
142.862	480
142.912	453
142.962	443
143.012	426
143.063	406
143.113	401
143.164	394
143.214	385
143.264	390
143.315	390
143.365	403
143.415	416
143.465	424
143.515	446
143.565	459
143.616	473
143.666	493
143.716	491
143.766	516
143.816	523
143.867	515
143.917	529
143.967	521
144.017	515
144.068	511
144.118	489
144.169	488
144.219	473
144.269	451
144.319	445
144.369	431
144.419	416
144.470	412
144.520	400
144.570	403
144.620	403
144.670	403
144.721	414
144.771	423
144.821	429
144.871	446
144.921	449
144.972	473
145.023	484
145.073	488
145.123	508
145.173	510
145.223	516
145.273	523
145.324	507
145.374	518
145.424	510
145.474	493
145.524	492
145.575	475
145.625	462
145.675	452
145.725	429
145.775	426
145.825	415
145.877	402
145.927	403
145.977	407
146.027	400
146.077	408
146.128	409
146.178	426
146.228	439
146.278	445
146.328	469
146.378	475
146.429	496
146.479	510
146.529	509
146.579	527
146.629	529
146.679	522
146.730	529
146.781	507
146.831	509
146.881	498
146.931	475
146.982	468
147.032	450
147.082	427
147.132	419
147.182	409
147.232	393
147.283	391
147.333	384
147.383	390
147.433	397
147.483	401
147.533	420
147.584	429
147.634	451
147.685	473
147.735	480
147.785	507
147.836	519
147.886	523
147.936	542
147.986	530
148.036	546
148.086	540
148.137	517
148.187	518
148.237	499
148.287	474
148.337	462
148.387	434
148.438	420
148.488	405
148.539	387
148.589	380
148.639	376
148.690	371
148.740	379
148.790	384
148.840	400
148.890	420
148.940	431
148.991	462
149.041	481
149.091	497
149.141	524
149.191	523
149.241	551
149.292	556
149.342	540
149.392	555
149.443	542
149.493	524
149.544	516
149.594	484
149.644	472
149.694	448
149.744	419
149.794	405
149.845	389
149.895	369
149.945	366
149.995	362
150.045	366
150.096	376
150.146	385
150.196	408
150.246	429
150.296	448
150.347	478
150.398	490
150.448	523
150.498	541
150.548	542
150.598	563
150.648	559
150.699	555
150.749	555
150.799	526
150.849	523
150.899	500
150.950	469
151.000	453
151.050	427
151.100	401
151.150	387
151.200	370
151.252	363
151.302	359
151.352	359
151.402	370
151.452	383
151.502	398
151.553	424
151.603	439
151.653	474
151.703	498
151.753	507
151.804	540
151.854	547
151.904	558
151.954	566
152.004	546
152.054	557
152.105	541
152.156	513
152.206	503
152.256	475
152.306	450
152.356	429
152.407	401
152.457	388
152.507	374
152.557	362
152.607	361
152.658	367
152.708	368
152.758	386
152.808	400
152.858	426
152.908	449
152.959	464
153.009	498
153.060	512
153.110	532
153.160	549
153.211	541
153.261	561
153.311	556
153.361	538
153.411	537
153.461	505
153.512	496
153.562	477
153.612	445
153.662	431
153.712	411
153.762	390
153.813	382
153.863	382
153.913	368
153.964	374
154.014	379
154.065	395
154.115	411
154.165	424
154.215	452
154.265	466
154.315	491
154.366	511
154.416	514
154.466	537
154.516	541
154.566	537
154.616	544
154.667	520
154.717	526
154.767	511
154.817	485
154.868	477
154.919	458
154.969	435
155.019	424
155.069	405
155.119	396
155.169	393
155.220	386
155.270	391
155.320	398
155.370	401
155.420	418
155.470	425
155.521	446
155.571	464
155.621	469
155.671	494
155.721	504
155.773	510
155.823	524
155.873	512
155.923	528
155.973	524
156.023	506
156.074	509
156.124	495
156.174	478
156.224	471
156.274	448
156.324	443
156.375	431
156.425	414
156.475	412
156.525	407
156.575	400
156.626	405
156.677	404
156.727	416
156.777	425
156.827	428
156.877	448
156.928	459
156.978	468
157.028	487
157.078	486
157.128	507
157.179	515
157.229	508
157.279	521
157.329	516
157.379	509
157.429	509
157.480	487
157.531	489
157.581	476
157.631	454
157.681	450
157.731	435
157.782	420
157.832	416
157.882	403
157.932	404
157.982	403
158.033	403
158.083	410
158.133	417
158.183	424
158.233	441
158.283	447
158.334	470
158.384	484
158.435	486
158.485	509
158.535	515
158.585	520
158.636	529
158.686	515
158.736	526
158.786	517
158.836	495
158.887	496
158.937	478
158.987	462
159.037	449
159.087	425
159.137	419
159.188	407
159.238	393
159.288	392
159.339	391
159.389	388
159.440	399
159.490	402
159.540	421
159.590	437
159.640	447
159.690	473
159.741	485
159.791	503
159.841	521
159.891	518
159.941	540
159.991	541
160.042	530
160.092	537
160.142	513
160.192	511
160.243	498
160.294	470
160.344	461
160.394	440
160.444	416
160.494	405
160.544	399
160.595	377
160.645	377
160.695	372
160.745	380
160.795	390
160.845	397
160.896	420
160.946	437
160.996	458
161.046	482
161.096	491
161.148	521
161.198	534
161.248	537
161.298	555
161.348	535
161.398	552
161.449	544
161.499	515
161.549	514
161.599	492
161.649	464
161.699	449
161.750	419
161.800	402
161.850	388
161.900	374
161.950	367
162.001	365
162.052	364
162.102	375
162.152	387
162.202	402
162.252	427
162.303	443
162.353	475
162.403	496
162.453	512
162.503	538
162.553	535
162.604	563
162.654	564
162.704	545
162.754	556
162.804	539
162.855	516
162.905	503
162.956	468
163.006	453
163.056	429
163.106	402
163.157	387
163.207	374
163.257	359
163.307	357
163.357	358
163.408	364
163.458	380
163.508	392
163.558	420
163.608	443
163.658	465
163.709	495
163.759	503
163.809	539
163.860	552
163.910	545
163.960	568
164.011	561
164.061	551
164.111	547
164.161	514
164.211	507
164.262	483
164.312	449
164.362	432
164.412	409
164.462	384
164.512	373
164.563	361
164.613	357
164.663	359
164.713	363
164.764	379
164.814	398
164.865	416
164.915	443
164.965	460
165.015	495
165.065	516
165.116	524
165.166	552
165.216	553
165.266	559
165.316	565
165.366	542
165.417	545
165.467	526
165.517	497
165.567	483
165.617	455
165.668	430
165.719	411
165.769	388
165.819	377
165.869	368
165.919	360
165.970	364
166.020	374
166.070	380
166.120	402
166.170	417
166.220	446
166.271	469
166.321	482
166.371	514
166.421	524
166.471	542
166.521	554
166.573	542
166.623	556
166.673	547
166.723	524
166.773	521
166.824	495
166.874	477
166.924	458
166.974	429
167.024	417
167.074	401
167.125	385
167.175	379
167.225	383
167.275	374
167.325	384
167.376	392
167.426	411
167.477	428
167.527	442
167.577	467
167.627	480
167.678	501
167.728	518
167.778	516
167.828	538
167.878	539
167.928	531
167.979	535
168.029	512
168.079	511
168.129	498
168.179	472
168.230	465
168.280	447
168.331	424
168.381	418
168.431	410
168.481	396
168.532	395
168.582	390
168.632	398
168.682	407
168.732	410
168.782	428
168.833	439
168.883	455
168.933	472
168.983	477
169.033	500
169.084	507
169.134	510
169.184	523
169.235	512
169.285	524
169.335	519
169.386	503
169.436	503
169.486	490
169.536	472
169.586	465
169.636	442
169.687	436
169.737	427
169.787	412
169.837	410
169.887	406
169.938	400
169.988	406
170.038	406
170.088	416
170.139	427
170.189	432
170.240	452
170.290	464
170.340	472
170.390	492
170.440	489
170.491	512
170.541	519
170.591	511
170.641	524
170.691	518
170.741	510
170.792	508
170.842	486
170.892	485
170.942	471
170.992	448
171.043	442
171.094	428
171.144	412
171.194	408
171.244	396
171.294	398
171.345	398
171.395	396
171.445	409
171.495	419
171.545	426
171.595	446
171.646	453
171.696	479
171.746	493
171.796	495
171.846	519
171.896	523
171.948	528
171.998	536
172.048	517
172.098	527
172.148	516
172.199	492
172.249	489
172.299	469
172.349	451
172.399	437
172.449	414
172.500	406
172.550	396
172.600	384
172.650	384
172.700	387
172.750	386
172.801	400
172.852	406
172.902	429
172.952	447
173.002	459
173.053	487
173.103	500
173.153	517
173.203	534
173.253	527
173.303	549
173.354	547
173.404	533
173.454	536
173.504	511
173.554	502
173.604	486
173.655	456
173.705	444
173.756	423
173.806	400
173.856	389
173.907	387
173.957	368
174.007	371
174.057	371
174.107	383
174.157	397
174.208	410
174.258	434
174.308	452
174.358	478
174.408	501
174.459	507
174.509	538
174.559	547
174.609	544
174.660	559
174.710	537
174.761	547
174.811	535
174.861	504
174.911	497
174.961	473
175.011	443
175.062	427
175.112	407
175.162	384
175.212	375
175.262	362
175.313	361
175.363	365
175.413	368
175.463	386
175.513	399
175.564	423
175.615	450
175.665	466
175.715	499
175.765	518
175.815	528
175.865	553
175.916	541
175.966	567
176.016	563
176.066	539
176.116	542
176.167	521
176.217	493
176.267	479
176.317	445
176.367	428
176.417	406
176.469	384
176.519	372
176.569	364
176.619	356
176.669	360
176.720	366
176.770	380
176.820	401
176.870	416
176.920	448
176.970	471
177.021	491
177.071	520
177.121	523
177.171	553
177.221	560
177.271	549
177.322	564
177.373	552
177.423	534
177.473	525
177.523	490
177.574	479
177.624	454
177.674	424
177.724	407
177.774	390
177.824	370
177.875	366
177.925	360
177.975	363
178.025	372
178.075	381
178.125	404
178.176	425
178.226	443
178.277	473
178.327	483
178.377	517
178.428	534
178.478	533
178.528	556
178.578	552
178.628	550
178.678	550
178.729	521
178.779	519
178.829	499
178.879	470
178.929	455
178.979	431
179.030	408
179.080	396
179.131	380
179.181	376
179.231	373
179.282	371
179.332	383
179.382	396
179.432	408
179.482	430
179.532	443
179.583	471
179.633	491
179.683	497
179.733	524
179.783	527
179.833	537
179.884	545
179.934	527
179.984	536
180.035	524
180.085	503
180.136	495
180.186	473
180.236	455
180.286	441
180.336	418
180.386	411
180.437	401
180.487	389
180.537	391
180.587	394
180.637	394
180.688	407
180.738	414
180.788	433
180.838	447
180.888	456
180.939	480
180.990	488
181.040	503
181.090	515
181.140	509
181.190	527
181.240	525
181.291	513
181.341	517
181.391	497
181.441	494
181.491	484
181.542	460
181.592	456
181.642	443
181.692	425
181.742	421
181.792	415
181.844	404
181.894	406
181.944	400
181.994	410
182.044	418
182.094	421
182.145	436
182.195	446
182.245	460
182.295	474
182.345	474
182.396	497
182.446	504
182.496	503
182.546	518
182.596	505
182.646	517
182.697	513
182.748	495
182.798	499
182.848	486
182.898	470
182.948	464
182.999	443
183.049	436
183.099	428
183.149	412
183.199	411
183.250	407
183.300	401
183.350	408
183.400	406
183.450	417
183.500	429
183.551	433
183.601	454
183.652	467
183.702	474
183.752	494
183.803	492
183.853	515
183.903	521
183.953	512
184.003	526
184.053	520
184.104	508
184.154	508
184.204	484
184.254	482
184.304	468
184.354	444
184.405	438
184.455	425
184.505	408
184.556	404
184.606	393
184.657	393
184.707	396
184.757	397
184.807	409
184.857	421
184.907	430
184.958	452
185.008	458
185.058	484
185.108	500
185.158	503
185.208	526
185.259	530
185.309	532
185.359	539
185.409	519
185.460	527
185.511	514
185.561	488
185.611	484
185.661	464
185.711	441
185.761	429
185.812	406
185.862	398
185.912	389
185.962	378
186.012	381
186.062	383
186.113	385
186.163	402
186.213	411
186.263	436
186.313	455
186.365	467
186.415	495
186.465	510
186.515	525
186.565	541
186.615	536
186.666	552
186.716	548
186.766	530
186.816	531
186.866	509
186.916	493
186.967	476
187.017	445
187.067	432
187.117	412
187.167	391
187.218	382
187.269	375
187.319	365
187.369	370
187.419	374
187.469	387
187.520	404
187.570	418
187.620	446
187.670	466
187.720	488
187.771	513
187.821	517
187.871	546
187.921	553
187.971	547
188.021	560
188.072	544
188.123	539
188.173	526
188.223	493
188.273	484
188.323	460
188.374	430
188.424	413
188.474	401
188.524	374
188.574	367
188.625	360
188.675	360
188.725	368
188.775	375
188.825	396
188.875	418
188.926	436
188.976	464
189.027	477
189.077	512
189.127	529
189.177	538
189.228	559
189.278	544
189.328	565
189.378	560
189.428	532
189.479	532
189.529	510
189.579	480
189.629	463
189.679	431
189.729	410
189.780	393
189.830	373
189.880	365
189.931	360
189.981	354
190.032	364
190.082	375
190.132	388
190.182	413
190.232	430
190.282	462
190.333	486
190.383	501
190.433	532
190.483	529
190.533	561
190.583	565
190.634	547
190.684	561
190.734	546
190.784	525
190.835	513
190.886	479
190.936	464
190.986	440
191.036	410
191.086	395
191.136	381
191.187	365
191.237	361
191.287	359
191.337	364
191.387	378
191.437	391
191.488	415
191.538	437
191.588	457
191.638	488
191.688	495
191.740	530
191.790	544
191.840	539
191.890	560
191.940	555
191.990	548
192.041	544
192.091	517
192.141	509
192.191	487
192.241	456
192.291	440
192.342	419
192.392	395
192.442	386
192.492	373
192.542	370
192.593	370
192.644	372
192.694	387
192.744	403
192.794	416
192.844	442
192.895	454
192.945	486
192.995	504
193.045	507
193.095	535
193.145	537
193.196	543
193.246	548
193.296	529
193.346	533
193.396	518
193.447	492
193.497	485
193.548	462
193.598	440
193.648	427
193.698	405
193.749	399
193.799	391
193.849	382
193.899	386
193.949	391
194.000	396
194.050	412
194.100	419
194.150	443
194.200	460
194.250	469
194.301	494
194.351	501
194.401	515
194.452	526
194.502	514
194.552	531
194.603	527
194.653	510
194.703	512
194.753	495
194.803	482
194.854	471
194.904	449
194.954	443
195.004	429
195.054	414
195.104	411
195.155	409
195.205	400
195.255	405
195.305	405
195.356	416
195.406	426
195.457	432
195.507	450
195.557	457
195.607	473
195.657	488
195.708	486
195.758	507
195.808	512
195.858	509
195.908	518
195.958	504
196.009	511
196.059	505
196.109	486
196.159	486
196.209	473
196.260	455
196.311	450
196.361	431
196.411	424
196.461	420
196.511	408
196.562	410
196.612	411
196.662	406
196.712	416
196.762	417
196.812	430
196.863	444
196.913	448
196.963	469
197.013	479
197.063	485
197.113	503
197.165	498
197.215	517
197.265	520
197.315	508
197.365	518
197.416	509
197.466	496
197.516	494
197.566	469
197.616	468
197.666	454
197.717	433
197.767	428
197.817	417
197.867	404
197.917	404
197.968	396
198.018	400
198.069	405
198.119	408
198.169	423
198.219	435
198.270	444
198.320	466
198.370	469
198.420	496
198.470	508
198.520	506
198.571	527
198.621	528
198.671	526
198.721	530
198.771	508
198.822	514
198.872	500
198.923	475
198.973	469
199.023	451
199.073	429
199.124	419
199.174	401
199.224	396
199.274	389
199.324	383
199.374	388
