#Creator: pendulumdriveEventBuffer
#Creation time: Fri Apr  7 15:31:08 2017
#Time	Pos
#[s]	[au]
0.051	419
0.101	410
0.151	402
0.201	403
0.251	409
0.301	410
0.352	425
0.402	434
0.452	455
0.502	474
0.552	486
0.602	510
0.653	521
0.704	537
0.754	550
0.804	544
0.854	559
0.905	555
0.955	538
1.005	539
1.055	517
1.105	504
1.155	488
1.206	461
1.256	447
1.306	429
1.356	409
1.406	401
1.456	401
1.507	386
1.557	391
1.608	397
1.658	408
1.708	423
1.759	438
1.809	463
1.859	479
1.909	503
1.959	526
2.009	532
2.060	557
2.110	564
2.160	562
2.210	572
2.260	548
2.311	556
2.361	541
2.411	511
2.461	501
2.512	478
2.562	452
2.613	433
2.663	415
2.713	395
2.763	385
2.813	378
2.863	377
2.914	382
2.964	388
3.014	405
3.064	423
3.114	444
3.165	470
3.215	486
3.265	519
3.315	538
3.365	551
3.416	572
3.467	564
3.517	586
3.567	581
3.617	560
3.667	560
3.717	539
3.768	513
3.818	495
3.868	464
3.918	443
3.968	420
4.019	398
4.069	383
4.119	374
4.169	364
4.219	368
4.269	375
4.321	385
4.371	405
4.421	423
4.471	452
4.521	479
4.572	501
4.622	532
4.672	541
4.722	572
4.772	584
4.822	578
4.873	594
4.923	584
4.973	573
5.023	561
5.073	526
5.123	515
5.174	488
5.225	454
5.275	432
5.325	408
5.375	384
5.426	371
5.476	362
5.526	357
5.576	360
5.626	370
5.676	385
5.727	407
5.777	428
5.827	459
5.877	480
5.927	517
5.977	543
6.028	556
6.078	584
6.129	589
6.179	594
6.229	602
6.280	579
6.330	581
6.380	560
6.430	527
6.480	510
6.530	479
6.581	448
6.631	422
6.681	396
6.731	376
6.781	362
6.831	352
6.882	350
6.932	358
6.983	362
7.033	384
7.083	405
7.134	434
7.184	465
7.234	487
7.284	525
7.334	546
7.384	573
7.435	592
7.485	586
7.535	609
7.585	606
7.635	585
7.685	583
7.736	553
7.786	533
7.836	506
7.887	468
7.937	442
7.988	413
8.038	384
8.088	366
8.138	357
8.188	340
8.238	343
8.289	352
8.339	362
8.389	383
8.439	405
8.489	437
8.540	466
8.590	498
8.640	532
8.690	549
8.740	584
8.791	597
8.842	598
8.892	614
8.942	600
8.992	601
9.042	584
9.092	548
9.143	534
9.193	500
9.243	463
9.293	437
9.343	413
9.394	377
9.444	362
9.494	349
9.544	340
9.594	342
9.644	346
9.696	361
9.746	383
9.796	406
9.846	442
9.896	467
9.946	507
9.997	534
10.047	556
10.097	587
10.147	580
10.197	614
10.248	616
10.298	595
10.348	602
10.398	581
10.448	551
10.498	530
10.549	491
10.600	464
10.650	434
10.700	402
10.750	378
10.800	361
10.851	345
10.901	339
10.951	343
11.001	344
11.051	362
11.102	384
11.152	412
11.202	444
11.252	472
11.302	508
11.352	526
11.403	567
11.453	588
11.504	590
11.554	613
11.604	612
11.655	603
11.705	601
11.755	566
11.805	558
11.855	527
11.905	487
11.956	464
12.006	431
12.056	398
12.106	376
12.156	359
12.206	342
12.257	339
12.307	340
12.357	347
12.408	365
12.458	384
12.509	416
12.559	441
12.609	479
12.659	510
12.709	532
12.759	569
12.810	585
12.860	601
12.910	615
12.960	602
13.010	613
13.060	599
13.111	566
13.161	555
13.211	520
13.261	489
13.312	460
13.363	424
13.413	398
13.463	373
13.513	354
13.563	341
13.613	341
13.664	336
13.714	346
13.764	366
13.814	388
13.864	419
13.914	444
13.965	482
14.015	510
14.065	541
14.115	572
14.165	578
14.217	608
14.267	614
14.317	605
14.367	614
14.417	591
14.467	575
14.518	553
14.568	511
14.618	491
14.668	457
14.718	422
14.768	395
14.819	374
14.869	348
14.919	340
14.969	340
15.019	336
15.070	348
15.121	364
15.171	389
15.221	421
15.271	448
15.321	484
15.372	506
15.422	547
15.472	572
15.522	584
15.572	610
15.623	606
15.673	619
15.723	614
15.773	582
15.823	580
15.873	550
15.924	513
15.975	488
16.025	454
16.075	419
16.125	393
16.175	368
16.226	348
16.276	339
16.326	332
16.376	336
16.426	362
16.477	360
16.527	390
16.577	418
16.627	453
16.677	486
16.727	513
16.778	550
16.828	561
16.879	599
16.929	612
16.979	604
17.029	621
17.080	611
17.130	588
17.180	578
17.230	532
17.280	517
17.331	484
17.381	444
17.431	417
17.481	388
17.531	360
17.581	344
17.632	339
17.682	324
17.732	335
17.783	348
17.833	365
17.884	395
17.934	422
17.984	459
18.034	485
18.084	526
18.134	556
18.185	572
18.235	605
18.285	613
18.335	613
18.385	623
18.435	592
18.486	599
18.536	573
18.586	529
18.636	510
18.687	475
18.738	437
18.788	408
18.838	379
18.888	352
18.938	338
18.988	332
19.039	327
19.089	337
19.139	346
19.189	371
19.239	401
19.289	433
19.340	468
19.390	493
19.440	537
19.490	563
19.540	587
19.592	613
19.642	601
19.692	628
19.742	623
19.792	593
19.842	593
19.893	560
19.943	528
19.993	500
20.043	456
20.093	429
20.143	396
20.194	366
20.244	344
20.294	335
20.344	321
20.394	325
20.445	337
20.496	351
20.546	380
20.596	408
20.646	444
20.696	478
20.747	511
20.797	548
20.847	563
20.897	604
20.947	619
20.997	612
21.048	631
21.098	616
21.148	607
21.198	587
21.248	541
21.299	524
21.349	488
21.400	446
21.450	416
21.500	386
21.550	353
21.601	335
21.651	327
21.701	319
21.751	325
21.801	336
21.852	356
21.902	391
21.952	416
22.002	455
22.052	483
22.102	527
22.153	559
22.203	581
22.253	614
22.304	616
22.354	633
22.404	633
22.455	607
22.505	607
22.555	576
22.605	535
22.655	513
22.706	477
22.756	434
22.806	403
22.856	370
22.906	344
22.956	327
23.007	318
23.057	315
23.107	342
23.157	330
23.208	363
23.258	393
23.309	429
23.359	465
23.409	498
23.459	538
23.509	556
23.560	602
23.610	622
23.660	618
23.710	639
23.760	631
23.810	615
23.861	603
23.911	552
23.961	539
24.011	503
24.061	458
24.112	427
24.163	393
24.213	358
24.263	335
24.313	327
24.363	304
24.414	313
24.464	325
24.514	339
24.564	371
24.614	398
24.664	436
24.715	468
24.765	513
24.815	548
24.865	569
24.915	611
24.965	624
25.017	629
25.067	642
25.117	615
25.167	623
25.217	596
25.268	550
25.318	531
25.368	492
25.418	450
25.468	417
25.518	382
25.569	348
25.619	327
25.669	314
25.719	306
25.769	314
25.820	320
25.870	342
25.921	376
25.971	405
26.021	444
26.071	475
26.122	522
26.172	554
26.222	583
26.272	618
26.322	614
26.372	645
26.423	642
26.473	621
26.523	621
26.573	585
26.623	552
26.674	525
26.724	476
26.775	446
26.825	408
26.875	372
26.925	342
26.976	323
27.026	304
27.076	304
27.126	315
27.176	321
27.226	347
27.277	378
27.327	413
27.377	452
27.427	488
27.477	530
27.528	551
27.578	599
27.628	622
27.679	626
27.729	647
27.779	637
27.830	631
27.880	617
27.930	568
27.980	553
28.030	517
28.080	470
28.131	437
28.181	402
28.231	361
28.281	335
28.331	320
28.382	302
28.432	303
28.482	310
28.532	324
28.583	359
28.633	384
28.684	421
28.734	454
28.784	500
28.834	537
28.884	565
28.935	607
28.985	618
29.035	642
29.085	648
29.135	619
29.185	635
29.236	610
29.286	568
29.336	547
29.386	504
29.436	465
29.487	429
29.538	390
29.588	355
29.638	330
29.688	312
29.738	299
29.789	331
29.839	304
29.889	328
29.939	360
29.989	392
30.039	427
30.090	464
30.140	508
30.190	530
30.240	583
30.290	613
30.340	617
30.392	647
30.442	646
30.492	633
30.542	633
30.592	582
30.643	574
30.693	540
30.743	492
30.793	461
30.843	421
30.893	381
30.944	349
30.994	327
31.044	298
31.094	298
31.144	307
31.194	309
31.245	332
31.296	363
31.346	396
31.396	431
31.446	474
31.497	514
31.547	539
31.597	589
31.647	613
31.697	628
31.747	650
31.798	629
31.848	647
31.898	629
31.948	585
31.998	569
32.048	532
32.099	490
32.149	455
32.200	412
32.250	376
32.300	346
32.351	322
32.401	302
32.451	301
32.501	298
32.551	310
32.601	336
32.652	366
32.702	400
32.752	432
32.802	480
32.852	516
32.903	549
32.953	592
33.003	603
33.053	640
33.104	649
33.154	629
33.205	645
33.255	621
33.305	591
33.355	566
33.405	518
33.455	492
33.506	450
33.556	408
33.606	373
33.656	345
33.706	314
33.757	301
33.807	301
33.857	300
33.907	314
33.957	340
34.008	370
34.059	405
34.109	438
34.159	485
34.209	513
34.259	561
34.309	596
34.360	607
34.410	643
34.460	640
34.510	647
34.560	643
34.611	601
34.661	595
34.711	560
34.761	517
34.811	486
34.861	445
34.913	402
34.963	369
35.013	340
35.063	312
35.113	300
35.164	299
35.214	301
35.264	323
35.314	338
35.364	374
35.414	405
35.465	448
35.515	489
35.565	519
35.615	567
35.665	590
35.715	625
35.766	644
35.817	632
35.867	652
35.917	638
35.967	607
36.018	590
36.068	550
36.118	518
36.168	479
36.218	433
36.268	400
36.319	365
36.369	333
36.419	310
36.469	327
36.519	290
36.569	302
36.620	322
36.670	347
36.721	379
36.771	410
36.821	454
36.872	491
36.922	533
36.972	573
37.022	587
37.072	631
37.122	643
37.173	638
37.223	651
37.273	612
37.323	621
37.373	585
37.423	537
37.474	515
37.524	473
37.575	428
37.625	393
37.675	371
37.726	322
37.776	306
37.826	302
37.876	295
37.926	306
37.976	321
38.027	353
38.077	383
38.127	416
38.177	462
38.227	492
38.277	542
38.328	576
38.378	602
38.428	635
38.479	624
38.529	657
38.580	650
38.630	617
38.680	615
38.730	576
38.780	539
38.830	508
38.881	459
38.931	422
38.981	387
39.031	352
39.081	322
39.132	305
39.182	292
39.232	294
39.282	310
39.332	320
39.383	358
39.434	386
39.484	426
39.534	467
39.584	503
39.634	548
39.684	566
39.735	618
39.785	638
39.835	631
39.885	655
39.935	644
39.986	623
40.036	607
40.086	557
40.136	539
40.186	500
40.236	451
40.288	417
40.338	380
40.388	341
40.438	317
40.488	304
40.538	290
40.589	295
40.639	310
40.689	329
40.739	365
40.789	390
40.840	434
40.890	467
40.940	517
40.990	555
41.040	580
41.090	623
41.141	636
41.192	648
41.242	655
41.292	621
41.342	632
41.392	600
41.443	556
41.493	534
41.543	490
41.593	445
41.643	410
41.694	370
41.744	336
41.794	312
41.844	298
41.894	289
41.944	301
41.995	306
42.045	335
42.096	368
42.146	400
42.196	441
42.247	476
42.297	525
42.347	558
42.397	597
42.447	628
42.497	625
42.548	656
42.598	654
42.648	631
42.698	627
42.748	585
42.798	559
42.849	526
42.899	473
42.949	440
43.000	401
43.050	360
43.101	329
43.151	313
43.201	288
43.251	287
43.301	301
43.351	310
43.402	342
43.452	369
43.502	408
43.552	447
43.602	490
43.652	533
43.703	558
43.753	608
43.803	631
43.853	638
43.904	659
43.955	625
44.005	645
44.055	622
44.105	573
44.155	556
44.205	516
44.256	469
44.306	432
44.356	401
44.406	349
44.456	322
44.506	306
44.557	286
44.607	290
44.657	296
44.707	315
44.757	351
44.809	372
44.859	415
44.909	450
44.959	501
45.009	539
45.059	571
45.110	615
45.160	610
45.210	659
45.260	659
45.310	634
45.360	642
45.411	612
45.461	573
45.511	549
45.561	499
45.611	464
45.662	423
45.713	382
45.763	345
45.813	319
45.863	296
45.913	284
45.964	291
46.014	292
46.064	320
46.114	353
46.164	384
46.215	423
46.265	462
46.315	510
46.365	536
46.415	590
46.465	620
46.516	625
46.567	659
46.617	654
46.667	643
46.717	640
46.767	591
46.818	579
46.868	542
46.918	491
46.968	458
47.018	415
47.069	373
47.119	339
47.169	315
47.219	288
47.269	285
47.319	290
47.370	299
47.420	326
47.471	354
47.521	389
47.571	424
47.621	474
47.672	515
47.722	542
47.772	595
47.822	620
47.872	639
47.923	660
47.973	635
48.023	655
48.073	636
48.123	590
48.173	574
48.224	533
48.274	491
48.324	452
48.375	407
48.425	370
48.476	336
48.526	310
48.576	289
48.626	290
48.676	284
48.726	301
48.777	330
48.827	359
48.877	393
48.927	428
48.977	478
49.027	514
49.078	555
49.128	597
49.178	610
49.228	648
49.279	656
49.330	643
49.380	652
49.430	625
49.480	598
49.530	570
49.580	519
49.631	492
49.681	448
49.731	405
49.781	368
49.831	339
49.881	304
49.932	290
49.982	292
50.032	288
50.082	305
50.132	332
50.184	361
50.234	398
50.284	433
50.334	480
50.384	509
50.434	560
50.485	595
50.535	615
50.585	648
50.635	644
50.685	655
50.735	650
50.786	606
50.836	600
50.886	565
50.936	520
50.986	490
51.037	447
51.088	401
51.138	367
51.188	336
51.238	307
51.288	293
51.339	288
51.389	290
51.439	327
51.489	328
51.539	365
51.589	396
51.640	439
51.690	482
51.740	515
51.790	562
51.840	576
51.891	627
51.941	644
51.992	637
52.042	654
52.092	641
52.142	617
52.193	596
52.243	544
52.293	527
52.343	486
52.393	438
52.444	404
52.494	367
52.544	332
52.594	308
52.644	299
52.694	284
52.745	294
52.795	313
52.845	336
52.896	369
52.946	398
52.996	442
53.047	475
53.097	524
53.147	563
53.197	584
53.247	625
53.298	640
53.348	643
53.398	653
53.448	623
53.498	627
53.548	592
53.599	547
53.649	525
53.699	482
53.749	438
53.800	402
53.850	365
53.901	332
53.951	309
54.001	299
54.051	291
54.101	301
54.152	308
54.202	340
54.252	370
54.302	405
54.352	445
54.402	478
54.453	526
54.503	560
54.553	593
54.603	626
54.653	624
54.704	651
54.755	648
54.805	622
54.855	622
54.905	582
54.955	551
55.006	521
55.056	469
55.106	438
55.156	400
55.206	361
55.256	331
55.307	312
55.357	292
55.407	292
55.457	304
55.507	312
55.557	343
55.609	373
55.659	409
55.709	449
55.759	488
55.809	530
55.860	555
55.910	603
55.960	626
56.010	626
56.060	651
56.110	638
56.161	633
56.211	618
56.261	565
56.311	552
56.361	515
56.412	467
56.462	432
56.513	395
56.563	354
56.613	327
56.663	307
56.714	292
56.764	294
56.814	302
56.864	315
56.914	351
56.964	374
57.015	414
57.065	447
57.115	496
57.165	533
57.215	560
57.266	607
57.316	618
57.367	643
57.417	651
57.467	624
57.517	636
57.568	610
57.618	567
57.668	548
57.718	503
57.768	464
57.818	427
57.869	386
57.919	352
57.969	324
58.019	304
58.069	291
58.120	317
58.170	296
58.220	319
58.271	352
58.321	382
58.371	419
58.422	455
58.472	502
58.522	524
58.572	578
58.622	610
58.672	613
58.723	648
58.773	648
58.823	636
58.873	634
58.923	584
58.974	577
59.024	543
59.074	494
59.124	462
59.175	422
59.225	380
59.276	347
59.326	335
59.376	292
59.426	291
59.476	296
59.527	302
59.577	324
59.627	353
59.677	386
59.727	419
59.777	465
59.828	507
59.878	533
59.928	583
59.978	609
60.028	623
60.079	649
60.130	628
60.180	650
60.230	631
60.280	588
60.330	573
60.381	536
60.431	492
60.481	456
60.531	412
60.581	376
60.631	344
60.682	317
60.732	297
60.782	295
60.832	290
60.882	303
60.932	328
60.984	356
61.034	391
61.084	423
61.134	471
61.184	509
61.235	544
61.285	588
61.335	598
61.385	638
61.435	649
61.485	633
61.536	646
61.586	622
61.636	594
61.686	568
61.736	518
61.786	493
61.837	450
61.888	406
61.938	372
61.988	342
62.038	308
62.089	295
62.139	295
62.189	292
62.239	307
62.289	332
62.339	363
62.390	398
62.440	432
62.490	479
62.540	506
62.590	557
62.640	592
62.691	609
62.741	642
62.792	641
62.842	647
62.892	643
62.943	604
62.993	595
63.043	560
63.093	516
63.143	485
63.193	441
63.244	400
63.294	364
63.344	333
63.394	306
63.444	293
63.495	290
63.545	292
63.595	315
63.645	332
63.696	367
63.746	399
63.797	442
63.847	485
63.897	516
63.947	565
63.997	588
64.047	625
64.098	645
64.148	628
64.198	652
64.248	638
64.298	607
64.349	588
64.399	540
64.449	517
64.499	476
64.549	427
64.600	393
64.651	356
64.701	323
64.751	300
64.801	315
64.851	280
64.901	295
64.952	318
65.002	342
65.052	375
65.102	406
65.152	452
65.203	487
65.253	535
65.303	575
65.353	591
65.403	634
65.453	645
65.505	641
65.555	652
65.605	602
65.655	614
65.705	579
65.756	533
65.806	507
65.856	463
65.906	416
65.956	381
66.006	351
66.057	308
66.107	294
66.157	288
66.207	286
66.257	301
66.307	317
66.358	351
66.409	383
66.459	420
66.509	466
66.559	499
66.610	548
66.660	583
66.710	607
66.760	642
66.810	627
66.860	659
66.911	650
66.961	612
67.011	604
67.061	566
67.111	528
67.161	494
67.212	443
67.262	406
67.313	368
67.363	333
67.413	304
67.464	291
67.514	282
67.564	287
67.614	308
67.664	324
67.714	360
67.765	390
67.815	435
67.865	478
67.915	515
67.965	562
68.015	580
68.066	629
68.116	647
68.167	637
68.217	657
68.267	640
68.318	616
68.368	594
68.418	543
68.468	523
68.518	480
68.568	431
68.619	394
68.669	357
68.719	320
68.769	296
68.819	288
68.869	279
68.920	289
68.970	309
69.020	336
69.071	370
69.121	400
69.172	449
69.222	483
69.272	534
69.322	574
69.372	593
69.422	638
69.473	642
69.523	653
69.573	657
69.623	618
69.673	619
69.724	583
69.774	536
69.824	511
69.874	463
69.924	417
69.975	381
70.026	345
70.076	310
70.126	290
70.176	281
70.226	279
70.276	298
70.327	308
70.377	345
70.427	376
70.477	417
70.527	463
70.578	499
70.628	547
70.678	579
70.728	618
70.778	645
70.828	637
70.880	662
70.930	653
70.980	622
71.030	610
71.080	566
71.130	535
71.181	496
71.231	443
71.281	408
71.331	368
71.381	329
71.432	301
71.482	294
71.532	268
71.582	279
71.632	303
71.682	320
71.733	355
71.784	386
71.834	431
71.884	474
71.934	518
71.984	561
72.035	582
72.085	631
72.135	649
72.185	647
72.235	662
72.286	617
72.336	631
72.386	598
72.436	549
72.486	527
72.536	480
72.587	430
72.637	394
72.688	365
72.738	313
72.788	293
72.839	283
72.889	273
72.939	284
72.989	300
73.039	331
73.089	375
73.140	400
73.190	446
73.240	483
73.290	535
73.340	574
73.390	601
73.441	641
73.491	632
73.541	670
73.592	661
73.642	623
73.693	622
73.743	583
73.793	543
73.843	510
73.893	457
73.943	417
73.994	378
74.044	339
74.094	306
74.144	286
74.194	272
74.244	274
74.295	293
74.345	305
74.395	343
74.445	374
74.496	417
74.547	462
74.597	502
74.647	550
74.697	575
74.747	626
74.797	648
74.848	644
74.898	665
74.948	648
74.998	627
75.048	608
75.098	556
75.149	536
75.199	493
75.249	439
75.299	403
75.349	363
75.401	321
75.451	295
75.501	283
75.551	269
75.601	277
75.651	296
75.702	320
75.752	356
75.802	388
75.852	434
75.902	473
75.952	525
76.003	566
76.053	592
76.103	637
76.153	647
76.203	659
76.254	664
76.305	627
76.355	630
76.405	593
76.455	546
76.505	520
76.556	472
76.606	424
76.656	385
76.706	346
76.756	311
76.807	287
76.857	272
76.907	270
76.957	287
77.007	296
77.057	335
77.108	367
77.159	408
77.209	453
77.259	492
77.309	543
77.359	579
77.410	617
77.460	647
77.510	637
77.560	668
77.610	658
77.661	624
77.711	616
77.761	572
77.811	540
77.861	500
77.911	445
77.962	409
78.012	368
78.063	328
78.113	297
78.163	285
78.213	264
78.264	272
78.314	295
78.364	312
78.414	349
78.464	382
78.515	426
78.565	472
78.615	516
78.665	561
78.715	584
78.765	633
78.816	651
78.866	651
78.916	666
78.967	635
79.017	633
79.068	600
79.118	549
79.168	526
79.218	478
79.268	427
79.318	390
79.369	363
79.419	306
79.469	287
79.519	277
79.569	267
79.619	279
79.670	298
79.720	329
79.770	375
79.820	400
79.871	447
79.922	486
79.972	538
80.022	577
80.072	604
80.122	644
80.172	624
80.223	670
80.273	661
80.323	624
80.373	618
80.423	579
80.473	538
80.524	504
80.574	451
80.624	409
80.674	370
80.724	331
80.776	298
80.826	281
80.876	268
80.926	271
80.976	295
81.026	306
81.077	347
81.127	379
81.177	424
81.227	471
81.277	510
81.327	559
81.378	583
81.428	633
81.478	652
81.528	637
81.578	663
81.629	645
81.680	622
81.730	598
81.780	544
81.830	524
81.880	478
81.931	425
81.981	389
82.031	350
82.081	312
82.131	288
82.181	280
82.232	270
82.282	282
82.332	304
82.382	333
82.432	370
82.483	402
82.533	452
82.584	487
82.634	539
82.684	580
82.734	598
82.785	642
82.835	648
82.885	653
82.935	653
82.985	610
83.036	608
83.086	572
83.136	526
83.186	495
83.236	448
83.286	401
83.337	366
83.387	330
83.437	300
83.488	284
83.538	280
83.588	283
83.639	306
83.689	324
83.739	361
83.789	392
83.839	437
83.890	483
83.940	515
83.990	564
84.040	592
84.090	623
84.140	645
84.191	625
84.241	646
84.291	630
84.341	594
84.392	576
84.442	536
84.493	501
84.543	462
84.593	414
84.643	382
84.693	347
84.744	317
84.794	300
84.844	301
84.894	292
84.944	308
84.994	329
85.045	362
85.095	395
85.145	426
85.195	472
85.245	506
85.296	543
85.347	579
85.397	590
85.447	624
85.497	627
85.547	614
85.598	621
85.648	582
85.698	573
85.748	544
85.798	501
85.848	475
85.899	436
85.949	400
85.999	372
86.049	359
86.099	324
86.149	319
86.201	320
86.251	323
86.301	339
86.351	357
86.401	390
86.452	423
86.502	453
86.552	489
86.602	510
86.652	548
86.702	571
86.753	582
86.803	602
86.853	580
86.903	607
86.953	595
87.004	564
87.054	557
87.105	527
87.155	492
87.205	468
87.255	437
87.306	406
87.356	384
87.406	362
87.456	349
87.506	343
87.556	337
87.607	344
87.657	359
87.707	371
87.757	397
87.807	418
87.858	455
87.908	483
87.959	504
88.009	537
88.059	540
88.109	577
88.160	585
88.210	574
88.260	592
88.310	580
88.360	562
88.410	552
88.461	514
88.511	502
88.561	472
88.611	437
88.661	416
88.712	393
88.762	368
88.812	358
88.863	349
88.913	344
88.963	351
89.014	359
89.064	377
89.114	399
89.164	420
89.214	454
89.264	472
89.315	511
89.365	536
89.415	543
89.465	575
89.515	579
89.566	582
89.616	590
89.666	565
89.716	568
89.767	548
89.817	513
89.868	496
89.918	465
89.968	433
90.018	410
90.068	383
90.119	367
90.169	353
90.219	344
90.269	344
90.319	353
90.369	357
90.420	380
90.470	400
90.520	433
90.570	462
90.620	485
90.671	521
90.722	541
90.772	563
90.822	584
90.872	573
90.922	596
90.973	591
91.023	570
91.073	567
91.123	536
91.173	510
91.223	486
91.274	448
91.324	424
91.374	397
91.424	370
91.474	354
91.524	347
91.576	336
91.626	339
91.676	348
91.726	363
91.776	386
91.827	410
91.877	446
91.927	474
91.977	505
92.027	537
92.077	548
92.128	583
92.178	593
92.228	588
92.278	602
92.328	574
92.378	580
92.429	560
92.480	518
92.530	502
92.580	470
92.630	432
92.681	407
92.731	391
92.781	353
92.831	341
92.881	335
92.931	331
92.982	338
93.032	348
93.082	371
93.132	403
93.182	428
93.232	463
93.283	486
93.333	528
93.384	554
93.434	569
93.484	596
93.535	580
93.585	607
93.635	602
93.685	574
93.735	572
93.785	544
93.836	505
93.886	483
93.936	447
93.986	413
94.036	387
94.087	362
94.137	343
94.187	335
94.237	328
94.288	332
94.338	347
94.389	360
94.439	389
94.489	416
94.539	452
94.589	485
94.639	512
94.690	548
94.740	556
94.790	591
94.840	600
94.890	585
94.941	603
94.991	588
95.041	567
95.091	551
95.141	508
95.192	490
95.243	457
95.293	418
95.343	395
95.393	372
95.443	349
95.493	340
95.544	337
95.594	336
95.644	347
95.694	362
95.744	388
95.795	418
95.845	443
95.895	481
95.945	499
95.995	539
96.045	561
96.097	567
96.147	591
96.197	588
96.247	584
96.297	584
96.348	552
96.398	547
96.448	520
96.498	482
96.548	462
96.598	431
96.649	402
96.699	383
96.749	366
96.799	355
96.849	352
96.899	352
96.950	361
97.001	377
97.051	392
97.101	420
97.151	440
97.202	476
97.252	502
97.302	516
97.352	546
97.402	556
97.452	565
97.503	575
97.553	559
97.603	568
97.653	554
97.703	528
97.753	518
97.804	492
97.854	467
97.905	448
97.955	420
98.005	407
98.056	392
98.106	379
98.156	375
98.206	377
98.256	376
98.306	389
98.357	400
98.407	420
98.457	440
98.507	454
98.557	482
98.607	497
98.658	516
98.708	534
98.759	530
98.809	552
98.859	553
98.910	540
98.960	547
99.010	528
99.060	519
99.110	505
99.160	479
99.211	468
99.261	449
99.311	427
99.361	416
99.411	405
99.461	389
99.512	389
99.562	386
99.612	391
99.663	399
99.713	406
99.764	425
99.814	441
99.864	458
99.914	479
99.964	487
100.014	513
100.065	526
100.115	529
100.165	547
100.215	533
100.265	549
100.316	545
100.366	523
100.416	523
100.466	505
100.516	481
100.567	470
100.618	447
100.668	428
100.718	415
100.768	396
100.818	390
100.868	385
100.919	380
100.969	385
101.019	399
101.069	401
101.119	421
101.170	433
101.220	461
101.270	480
101.320	493
101.370	521
101.420	521
101.472	549
101.522	557
101.572	547
101.622	560
101.672	551
101.722	535
101.773	528
101.823	495
101.873	488
101.923	466
101.973	435
102.024	421
102.074	403
102.124	384
102.174	376
102.224	369
102.274	368
102.325	374
102.376	381
102.426	400
102.476	419
102.526	437
102.576	466
102.627	480
102.677	514
102.727	534
102.777	542
102.827	565
102.878	569
102.928	567
102.978	572
103.028	545
103.078	547
103.128	527
103.179	494
103.229	480
103.280	453
103.330	424
103.380	405
103.431	382
103.481	370
103.531	361
103.581	354
103.631	359
103.681	369
103.732	379
103.782	402
103.832	419
103.882	452
103.932	479
103.982	497
104.033	532
104.083	547
104.133	563
104.184	579
104.234	566
104.285	583
104.335	576
104.385	550
104.435	544
104.485	516
104.535	490
104.586	466
104.636	432
104.686	411
104.736	389
104.786	368
104.836	357
104.887	354
104.937	346
104.987	358
105.037	370
105.088	390
105.139	414
105.189	436
105.239	472
105.289	496
105.339	523
105.389	549
105.440	550
105.490	580
105.540	584
105.590	573
105.640	583
105.690	559
105.741	548
105.791	528
105.841	491
105.891	473
105.941	444
105.993	414
106.043	394
106.093	378
106.143	356
106.193	354
106.243	353
106.294	358
106.344	371
106.394	386
106.444	412
106.494	437
106.544	464
106.595	495
106.645	510
106.695	543
106.745	559
106.795	563
106.846	581
106.897	562
106.947	574
106.997	565
107.047	535
107.097	526
107.148	500
107.198	467
107.248	448
107.298	425
107.348	395
107.399	382
107.449	369
107.499	362
107.549	362
107.599	364
107.649	378
107.700	403
107.751	414
107.801	441
107.851	458
107.901	493
107.951	515
108.002	527
108.052	553
108.102	544
108.152	569
108.202	569
108.253	546
108.303	554
108.353	536
108.403	511
108.453	497
108.503	469
108.554	448
108.604	428
108.655	405
108.705	394
108.755	384
108.805	374
108.856	377
108.906	383
108.956	388
109.006	407
109.056	421
109.107	444
109.157	464
109.207	479
109.257	506
109.307	509
109.357	535
109.408	544
109.458	536
109.508	552
109.559	545
109.609	533
109.660	529
109.710	500
109.760	496
109.810	480
109.860	453
109.910	444
109.961	428
110.011	411
110.061	405
110.111	394
110.161	394
110.211	397
110.262	398
110.312	411
110.362	423
110.412	432
110.463	453
110.514	462
110.564	485
110.614	499
110.664	503
110.714	524
110.764	528
110.815	531
110.865	538
110.915	522
110.965	530
111.015	520
111.065	500
111.116	495
111.166	478
111.216	461
111.266	449
111.316	428
111.368	422
111.418	412
111.468	400
111.518	401
111.568	401
111.618	400
111.669	411
111.719	416
111.769	434
111.819	448
111.869	457
111.919	480
111.970	493
112.020	508
112.070	523
112.120	521
112.170	540
112.221	541
112.272	531
112.322	537
112.372	523
112.422	513
112.472	502
112.523	475
112.573	468
112.623	450
112.673	428
112.723	418
112.773	407
112.824	392
112.874	391
112.924	387
112.974	393
113.024	402
113.075	409
113.125	427
113.176	444
113.226	460
113.276	483
113.326	492
113.377	520
113.427	532
113.477	535
113.527	553
113.577	547
113.628	551
113.678	547
113.728	522
113.778	522
113.828	503
113.878	477
113.929	464
113.979	443
114.029	420
114.080	405
114.130	388
114.180	381
114.231	377
114.281	374
114.331	382
114.381	399
114.431	404
114.482	426
114.532	440
114.582	470
114.632	491
114.682	507
114.732	534
114.783	532
114.833	561
114.883	567
114.933	552
114.984	565
115.034	554
115.085	532
115.135	524
115.185	492
115.235	477
115.285	454
115.336	424
115.386	408
115.436	391
115.486	372
115.536	367
115.586	363
115.637	362
115.687	375
115.737	386
115.787	408
115.837	429
115.888	450
115.939	481
115.989	494
116.039	530
116.089	550
116.139	552
116.190	575
116.240	575
116.290	569
116.340	571
116.390	540
116.440	540
116.491	517
116.541	485
116.591	466
116.641	438
116.691	410
116.741	392
116.793	373
116.843	360
116.893	356
116.943	354
116.993	361
117.044	375
117.094	388
117.144	415
117.194	434
117.244	469
117.294	496
117.345	512
117.395	547
117.445	559
117.495	571
117.545	585
117.596	567
117.646	582
117.697	570
117.747	541
117.797	531
117.847	502
117.898	473
117.948	449
117.998	416
118.048	396
118.098	375
118.148	359
118.199	351
118.249	351
118.299	348
118.349	364
118.399	379
118.450	404
118.500	430
118.551	453
118.601	490
118.651	514
118.701	538
118.752	564
118.802	561
118.852	588
118.902	590
118.952	575
119.002	579
119.053	556
119.103	536
119.153	515
119.203	476
119.253	455
119.304	425
119.354	396
119.404	376
119.455	363
119.505	344
119.555	345
119.606	347
119.656	355
119.706	373
119.756	391
119.806	421
119.856	450
119.907	478
119.957	512
120.007	525
120.057	561
120.107	577
120.158	575
120.208	594
120.258	580
120.308	582
120.359	569
120.409	532
120.460	521
120.510	490
120.560	455
120.610	431
120.660	405
120.711	376
120.761	361
120.811	350
120.861	344
120.911	346
120.961	352
121.012	368
121.062	397
121.112	413
121.162	447
121.212	469
121.263	507
121.314	533
121.364	548
121.414	576
121.464	560
121.514	593
121.565	592
121.615	567
121.665	572
121.715	548
121.765	516
121.815	495
121.866	461
121.916	432
121.966	407
122.016	380
122.066	364
122.116	353
122.168	342
122.218	345
122.268	359
122.318	363
122.368	388
122.419	408
122.469	443
122.519	472
122.569	496
122.619	531
122.669	537
122.720	575
122.770	584
122.820	576
122.870	591
122.920	580
122.970	564
123.021	551
123.072	513
123.122	497
123.172	468
123.222	432
123.273	410
123.323	388
123.373	364
123.423	355
123.473	351
123.523	348
123.574	355
123.624	367
123.674	388
123.724	413
123.774	436
123.824	472
123.875	488
123.925	527
123.976	549
124.026	555
124.076	580
124.127	581
124.177	578
124.227	581
124.277	554
124.327	550
124.377	525
124.428	489
124.478	470
124.528	440
124.578	410
124.628	391
124.679	370
124.729	360
124.779	355
124.829	353
124.880	360
124.930	375
124.981	387
125.031	415
125.081	434
125.131	469
125.181	496
125.231	511
125.282	544
125.332	555
125.382	567
125.432	577
125.482	562
125.533	573
125.583	560
125.633	532
125.683	521
125.733	494
125.784	468
125.835	445
125.885	416
125.935	400
125.985	384
126.035	370
126.085	366
126.136	369
126.186	368
126.236	384
126.286	397
126.336	421
126.387	444
126.437	462
126.487	493
126.537	510
126.587	531
126.637	548
126.689	545
126.739	563
126.789	562
126.839	545
126.889	548
126.940	528
126.990	512
127.040	494
127.090	464
127.140	451
127.190	430
127.241	409
127.291	399
127.341	399
127.391	380
127.441	383
127.491	386
127.542	398
127.593	411
127.643	422
127.693	446
127.743	465
127.794	482
127.844	502
127.894	505
127.944	530
127.994	537
128.044	534
128.095	545
128.145	527
128.195	534
128.245	524
128.295	498
128.345	495
128.396	478
128.446	456
128.497	446
128.547	433
128.597	416
128.648	410
128.698	402
128.748	402
128.798	404
128.848	405
128.898	418
128.949	429
128.999	438
129.049	456
129.099	463
129.149	485
129.199	496
129.250	503
129.300	518
129.351	514
129.401	529
129.451	529
129.502	514
129.552	521
129.602	510
129.652	495
129.702	491
129.752	471
129.803	464
129.853	452
129.903	433
129.953	430
130.003	421
130.053	411
130.104	413
130.154	408
130.204	416
130.255	422
130.305	425
130.356	440
130.406	451
130.456	458
130.506	477
130.556	481
130.606	501
130.657	511
130.707	508
130.757	524
130.807	523
130.857	520
130.908	523
130.958	504
131.008	508
131.058	497
131.108	475
131.159	472
131.210	457
131.260	440
131.310	433
131.360	418
131.410	414
131.460	411
131.511	404
131.561	409
131.611	414
131.661	417
131.711	432
131.762	437
131.812	458
131.862	472
131.912	476
131.962	500
132.012	509
132.064	517
132.114	531
132.164	521
132.214	536
132.264	533
132.314	517
132.365	518
132.415	502
132.465	487
132.515	477
132.565	451
132.616	444
132.666	429
132.716	412
132.766	406
132.816	401
132.866	393
132.917	397
132.968	397
133.018	410
133.068	422
133.118	432
133.168	454
133.219	469
133.269	485
133.319	506
133.369	508
133.419	533
133.470	541
133.520	536
133.570	549
133.620	539
133.670	535
133.720	527
133.771	502
133.821	496
133.872	477
133.922	450
133.972	438
134.023	421
134.073	400
134.123	393
134.173	383
134.223	382
134.273	384
134.324	386
134.374	401
134.424	415
134.474	430
134.524	454
134.574	466
134.625	496
134.675	515
134.725	524
134.776	547
134.826	548
134.877	559
134.927	562
134.977	538
135.027	547
135.077	531
135.127	505
135.178	494
135.228	467
135.278	446
135.328	427
135.378	402
135.428	391
135.479	379
135.529	368
135.579	370
135.629	383
135.680	378
135.731	397
135.781	410
135.831	437
135.881	460
135.931	478
135.981	508
136.032	517
136.082	547
136.132	561
136.182	556
136.232	573
136.282	568
136.333	555
136.383	550
136.433	519
136.483	510
136.533	487
136.585	452
136.635	436
136.685	413
136.735	388
136.785	376
136.835	365
136.886	356
136.936	361
136.986	366
137.036	380
137.086	399
137.136	416
137.187	446
137.237	465
137.287	499
137.337	524
137.387	535
137.438	564
137.489	571
137.539	572
137.589	583
137.639	560
137.689	567
137.740	547
137.790	513
137.840	502
137.890	473
137.940	440
137.991	419
138.041	393
138.091	374
138.141	362
138.191	352
138.241	350
138.292	357
138.343	362
138.393	382
138.443	402
138.493	430
138.543	460
138.594	480
138.644	517
138.694	538
138.744	555
138.794	578
138.845	568
138.895	591
138.945	587
138.995	562
139.045	564
139.095	537
139.146	511
139.196	488
139.247	449
139.297	427
139.347	401
139.397	375
139.448	359
139.498	351
139.548	340
139.598	344
139.648	353
139.699	368
139.749	390
139.799	412
139.849	446
139.899	475
139.949	504
140.000	536
140.050	546
140.100	578
140.151	589
140.201	582
140.252	597
140.302	581
140.352	572
140.402	556
140.452	517
140.502	501
140.553	469
140.603	432
140.653	409
140.703	385
140.753	357
140.803	347
140.854	340
140.904	338
140.954	344
141.004	354
141.055	376
141.106	403
141.156	428
141.206	463
141.256	486
141.306	525
141.356	550
141.407	563
141.457	590
141.507	586
141.557	601
141.607	598
141.657	569
141.708	570
141.758	543
141.808	505
141.858	484
141.908	455
141.960	416
142.010	391
142.060	365
142.110	348
142.160	338
142.210	332
142.261	335
142.311	363
142.361	358
142.411	387
142.461	414
142.511	449
142.562	481
142.612	506
142.662	543
142.712	550
142.762	590
142.813	600
142.864	586
142.914	605
142.964	594
143.014	569
143.064	559
143.115	513
143.165	497
143.215	465
143.265	426
143.315	401
143.365	375
143.416	348
143.466	337
143.516	335
143.566	324
143.616	337
143.667	351
143.717	373
143.768	404
143.818	429
143.868	468
143.918	493
143.969	533
144.019	560
144.069	570
144.119	601
144.169	603
144.220	599
144.270	606
144.320	570
144.370	573
144.420	544
144.470	501
144.521	481
144.571	446
144.621	408
144.672	383
144.722	357
144.772	336
144.823	329
144.873	326
144.923	328
144.973	343
145.023	357
145.074	387
145.124	416
145.174	453
145.224	488
145.274	510
145.324	551
145.375	573
145.425	591
145.475	610
145.525	591
145.576	612
145.626	602
145.677	569
145.727	559
145.777	524
145.827	492
145.877	461
145.928	420
145.978	394
146.028	365
146.078	341
146.128	328
146.178	326
146.229	320
146.279	330
146.329	348
146.379	372
146.429	405
146.480	431
146.531	472
146.581	504
146.631	534
146.681	569
146.731	576
146.782	610
146.832	615
146.882	597
146.932	613
146.982	589
147.032	571
147.083	543
147.133	500
147.183	477
147.233	441
147.283	403
147.333	376
147.385	354
147.435	328
147.485	320
147.535	322
147.585	323
147.636	337
147.686	357
147.736	389
147.786	421
147.836	453
147.886	492
147.937	514
147.987	558
148.037	583
148.087	591
148.137	617
148.188	605
148.238	615
148.289	607
148.339	568
148.389	559
148.439	524
148.490	485
148.540	457
148.590	421
148.640	384
148.690	358
148.740	338
148.791	322
148.841	319
148.891	320
148.941	329
148.991	367
149.042	372
149.092	408
149.143	436
149.193	479
149.243	513
149.293	535
149.344	577
149.394	573
149.444	613
149.494	620
149.544	596
149.594	612
149.645	591
149.695	559
149.745	536
149.795	493
149.845	466
149.896	432
149.946	395
149.996	368
150.047	345
150.097	326
150.147	320
150.198	339
150.248	322
150.298	345
150.348	370
150.398	403
150.448	433
150.499	465
150.549	506
150.599	522
150.649	568
150.699	591
150.750	588
150.800	615
150.850	609
150.900	598
150.951	594
151.001	552
151.052	540
151.102	508
151.152	468
151.202	439
151.252	407
151.303	373
151.353	352
151.403	337
151.453	324
151.503	328
151.553	334
151.604	348
151.654	372
151.704	396
151.754	431
151.804	457
151.855	498
151.906	529
151.956	544
152.006	580
152.056	590
152.106	594
152.157	605
152.207	584
152.257	587
152.307	566
152.357	528
152.407	510
152.458	478
152.508	442
152.558	417
152.608	387
152.658	368
152.708	353
152.760	345
152.810	341
152.860	349
152.910	355
152.960	377
153.011	398
153.061	430
153.111	460
153.161	482
153.211	517
153.261	537
153.312	556
153.362	575
153.412	567
153.462	585
153.512	581
153.562	559
153.613	557
153.664	531
153.714	507
153.764	486
153.814	452
153.865	433
153.915	411
153.965	389
154.015	378
154.065	371
154.115	362
154.166	367
154.216	374
154.266	389
154.316	407
154.366	423
154.416	451
154.467	471
154.517	494
154.568	517
154.618	520
154.668	548
154.719	555
154.769	550
154.819	561
154.869	547
154.919	543
154.969	531
155.020	503
155.070	496
155.120	474
155.170	449
155.220	436
155.271	426
155.321	402
155.371	394
155.421	384
155.472	386
155.522	390
155.573	393
155.623	407
155.673	423
155.723	435
155.773	456
155.823	466
155.874	493
155.924	508
155.974	514
156.024	535
156.074	529
156.125	547
156.175	548
156.225	531
156.275	536
156.325	522
156.376	503
156.427	494
156.477	470
156.527	456
156.577	441
156.627	420
156.677	411
156.728	401
156.778	389
156.828	390
156.878	391
156.928	394
156.979	407
157.029	415
157.079	436
157.129	453
157.179	466
157.229	491
157.281	497
157.331	523
157.381	535
157.431	531
157.481	550
157.532	548
157.582	541
157.632	541
157.682	515
157.732	513
157.782	496
157.833	469
157.883	458
157.933	437
157.983	414
158.033	405
158.083	390
158.134	384
158.185	381
158.235	380
158.285	388
158.335	399
158.386	409
158.436	432
158.486	445
158.536	473
158.586	495
158.636	503
158.687	533
158.737	543
158.787	550
158.837	563
158.887	544
158.937	560
158.988	549
159.038	523
159.089	518
159.139	495
159.189	470
159.240	453
159.290	425
159.340	409
159.390	392
159.440	377
159.490	370
159.541	369
159.591	366
159.641	377
159.691	387
159.741	409
159.791	430
159.842	448
159.892	480
159.943	501
159.993	519
160.043	547
160.094	544
160.144	572
160.194	576
160.244	562
160.294	570
160.344	551
160.395	535
160.445	519
160.495	485
160.545	468
160.595	442
160.645	412
160.696	394
160.746	379
160.796	360
160.847	356
160.897	356
160.948	360
160.998	372
161.048	386
161.098	410
161.148	435
161.198	458
161.249	491
161.299	506
161.349	541
161.399	559
161.449	563
161.500	584
161.550	576
161.600	580
161.650	574
161.700	539
161.751	537
161.802	511
161.852	477
161.902	456
161.952	427
162.002	398
162.052	380
162.103	363
162.153	352
162.203	348
162.253	348
162.303	358
162.354	377
162.404	390
162.454	420
162.504	443
162.554	480
162.604	509
162.656	525
162.706	558
162.756	563
162.806	585
162.856	592
162.906	570
162.957	585
163.007	569
163.057	539
163.107	525
163.157	488
163.208	464
163.258	437
163.308	405
163.358	385
163.408	366
163.458	350
163.509	345
163.560	358
163.610	346
163.660	365
163.710	383
163.760	411
163.811	440
163.861	465
163.911	501
163.961	514
164.011	554
164.062	573
164.112	572
164.162	593
164.212	590
164.262	579
164.312	576
164.363	540
164.413	532
164.464	503
164.514	464
164.564	442
164.615	414
164.665	384
164.715	368
164.765	355
164.815	340
164.865	345
164.916	348
164.966	362
165.016	383
165.066	402
165.116	436
165.166	457
165.217	496
165.267	524
165.317	538
165.368	570
165.418	580
165.469	580
165.519	592
165.569	570
165.619	577
165.669	557
165.719	522
165.770	505
165.820	475
165.870	441
165.920	417
165.970	389
166.020	370
166.071	357
166.121	348
166.171	346
166.221	353
166.272	360
166.323	382
166.373	403
166.423	434
166.473	463
166.523	483
166.573	521
166.624	541
166.674	558
166.724	578
166.774	568
166.824	588
166.874	582
166.925	559
166.975	554
167.025	527
167.075	500
167.125	477
167.177	440
167.227	420
167.277	396
167.327	374
167.377	363
167.427	358
167.478	352
167.528	358
167.578	368
167.628	387
167.678	410
167.728	429
167.779	463
167.829	488
167.879	512
167.929	538
167.979	540
168.030	568
168.081	573
168.131	565
168.181	573
168.231	555
168.281	542
168.332	526
168.382	493
168.432	479
168.482	453
168.532	422
168.583	408
168.633	393
168.683	374
168.733	371
168.783	371
168.833	373
168.884	383
168.935	394
168.985	416
169.035	436
169.085	456
169.135	483
169.186	494
169.236	522
169.286	536
169.336	536
169.386	555
169.437	549
169.487	553
169.537	548
169.587	523
169.637	521
169.687	501
169.738	476
169.788	464
169.839	444
169.889	424
169.939	413
169.989	397
170.040	393
170.090	390
170.140	387
170.190	396
170.240	411
170.291	416
170.341	434
170.391	443
170.441	468
170.491	483
170.541	492
170.592	514
170.642	512
170.692	533
170.743	539
170.793	526
170.844	538
170.894	529
170.944	514
170.994	509
171.044	487
171.094	480
171.145	465
171.195	442
171.245	435
171.295	423
171.345	408
171.395	406
171.446	399
171.496	400
171.546	406
171.596	407
171.647	422
171.698	434
171.748	443
171.798	463
171.848	467
171.898	493
171.948	507
171.999	507
172.049	528
172.099	532
172.149	530
172.199	536
172.249	517
172.300	524
172.350	513
172.400	491
172.450	485
172.500	468
172.552	448
172.602	438
172.652	418
172.702	410
172.752	403
172.802	394
172.853	396
172.903	399
172.953	400
173.003	415
173.053	422
173.103	442
173.154	459
173.204	468
173.254	495
173.304	507
173.354	519
173.405	536
173.456	530
173.506	547
173.556	546
173.606	530
173.656	533
173.707	517
173.757	500
173.807	488
173.857	461
173.907	450
173.957	431
174.008	410
174.058	401
174.108	392
174.158	380
174.208	383
174.259	384
174.309	394
174.360	405
174.410	416
174.460	441
174.510	460
174.561	477
174.611	503
174.661	509
174.711	537
174.761	549
174.812	546
174.862	561
174.912	552
174.962	548
175.012	542
175.062	511
175.113	507
175.163	485
175.213	455
175.264	440
175.314	419
175.364	396
175.415	385
175.465	374
175.515	369
175.565	370
175.615	372
175.666	386
175.716	403
175.766	418
175.816	445
175.866	460
175.916	493
175.967	515
176.017	525
176.067	553
176.117	555
176.168	569
176.218	573
176.269	551
176.319	559
176.369	541
176.419	515
176.469	501
176.520	473
176.570	448
176.620	425
176.670	400
176.720	384
176.770	371
176.821	358
176.871	358
176.921	373
176.971	366
177.021	387
177.072	402
177.123	430
177.173	456
177.223	476
177.273	510
177.323	521
177.374	553
177.424	568
177.474	562
177.524	582
177.574	576
177.624	560
177.675	557
177.725	520
177.775	512
177.825	487
177.875	453
177.925	432
177.977	407
178.027	382
178.077	369
178.127	367
178.177	348
178.228	354
178.278	362
178.328	377
178.378	398
178.428	417
178.478	449
178.529	469
178.579	506
178.629	531
178.679	539
178.729	568
178.780	575
178.830	575
178.881	584
178.931	557
178.981	564
179.031	543
179.082	508
179.132	494
179.182	464
179.232	432
179.282	411
179.332	385
179.383	368
179.433	360
179.483	353
179.533	354
179.583	363
179.634	372
179.684	396
179.735	414
179.785	444
179.835	474
179.885	492
179.936	528
179.986	547
180.036	557
180.086	577
180.136	560
180.186	583
180.237	574
180.287	548
180.337	543
180.387	517
180.437	488
180.488	466
180.538	432
180.588	413
180.639	391
180.689	372
180.739	363
180.790	359
180.840	354
180.890	365
180.940	376
180.990	397
181.040	421
181.091	440
181.141	474
181.191	497
181.241	519
181.291	543
181.342	541
181.392	570
181.442	573
181.492	563
181.543	568
181.593	549
181.644	531
181.694	516
181.744	482
181.794	466
181.844	441
181.895	413
181.945	398
181.995	385
182.045	369
182.095	369
182.145	368
182.196	375
182.246	389
182.296	402
182.346	427
182.396	447
182.447	469
182.498	497
182.548	504
182.598	535
182.648	547
182.698	545
182.749	561
182.799	554
182.849	551
182.899	543
182.949	515
182.999	509
183.050	488
183.100	460
183.150	446
183.200	427
183.250	406
183.300	398
183.352	386
183.402	384
183.452	385
183.502	386
183.552	401
183.603	422
183.653	428
183.703	450
183.753	460
183.803	487
183.853	503
183.904	511
183.954	530
184.004	525
184.054	543
184.104	543
184.154	525
184.205	532
184.256	518
184.306	498
184.356	493
184.406	470
184.457	457
184.507	444
184.557	425
184.607	418
184.657	410
184.707	400
184.758	402
184.808	407
184.858	406
184.908	418
184.958	424
185.008	442
185.059	455
185.109	465
185.160	485
185.210	487
185.260	509
185.311	518
185.361	513
185.411	529
185.461	527
185.511	519
185.561	521
185.612	500
185.662	502
185.712	491
185.762	468
185.812	464
185.863	450
185.913	434
185.963	427
186.013	414
186.064	411
186.114	410
186.165	406
186.215	413
186.265	419
186.315	423
186.365	438
186.415	443
186.466	464
186.516	478
186.566	481
186.616	504
186.666	511
186.717	517
186.767	528
186.817	520
186.867	530
186.917	526
186.968	507
187.019	510
187.069	495
187.119	479
187.169	470
187.219	448
187.269	441
187.320	428
187.370	412
187.420	408
187.470	404
187.520	398
187.571	404
187.621	405
187.671	418
187.721	430
187.771	437
187.821	460
187.873	474
187.923	487
187.973	507
188.023	506
188.073	531
188.124	538
188.174	530
188.224	542
188.274	534
188.324	524
188.374	518
188.425	493
188.475	487
188.525	469
188.575	445
188.625	434
188.675	418
188.726	400
188.777	395
188.827	386
188.877	388
188.927	391
188.978	395
189.028	410
189.078	425
189.128	439
189.178	463
189.228	474
189.279	502
189.329	518
189.379	526
189.429	546
189.479	545
189.529	553
189.580	554
189.630	531
189.681	536
189.731	519
189.781	492
189.832	483
189.882	459
189.932	434
189.982	420
190.032	398
190.082	388
190.133	380
190.183	373
190.233	376
190.283	386
190.333	388
190.383	409
190.434	423
190.484	451
190.535	473
190.585	487
190.635	518
190.686	530
190.736	549
190.786	561
190.836	548
190.886	567
190.936	560
190.987	540
191.037	535
191.087	503
191.137	491
191.187	470
191.237	437
191.288	422
191.338	402
191.388	381
191.439	373
191.489	377
191.540	360
191.590	370
191.640	378
191.690	397
191.740	417
191.790	436
191.841	466
191.891	482
191.941	514
191.991	536
192.041	537
192.092	566
192.142	569
192.192	562
192.242	571
192.292	544
192.343	545
192.394	524
192.444	490
192.494	476
192.544	449
192.594	420
192.644	402
192.695	383
192.745	366
192.795	362
192.845	358
192.895	364
192.946	375
192.996	386
193.046	411
193.096	428
193.146	460
193.196	487
193.248	502
193.298	536
193.348	551
193.398	558
193.448	575
193.498	559
193.549	575
193.599	564
193.649	537
193.699	529
193.749	503
193.800	474
193.850	453
193.900	422
193.950	402
194.000	385
194.050	370
194.101	362
194.152	361
194.202	360
194.252	374
194.302	386
194.352	409
194.403	433
194.453	453
194.503	486
194.553	508
194.603	527
194.654	552
194.704	547
194.754	572
194.804	574
194.854	558
194.904	562
194.955	543
195.005	522
195.056	504
195.106	470
195.156	454
195.207	429
195.257	403
195.307	389
195.357	378
195.407	364
195.457	366
195.508	368
195.558	379
195.608	395
195.658	410
195.708	437
195.758	459
195.809	481
195.859	509
195.909	515
195.960	545
196.010	556
196.061	550
196.111	565
196.161	554
196.211	548
196.261	538
196.311	508
196.362	500
196.412	477
196.462	448
196.512	433
196.562	415
196.612	396
196.663	388
196.713	379
196.763	380
196.813	383
196.864	390
196.915	405
196.965	422
197.015	438
197.065	461
197.115	472
197.165	500
197.216	516
197.266	521
197.316	541
197.366	540
197.416	547
197.466	546
197.517	524
197.567	528
197.617	512
197.667	490
197.717	480
197.769	461
197.819	442
197.869	429
197.919	412
197.969	407
198.019	401
198.070	394
198.120	400
198.170	410
198.220	411
198.270	426
198.320	433
198.371	454
198.421	469
198.471	480
198.521	499
198.571	501
198.622	519
198.673	527
198.723	519
198.773	532
198.823	526
198.873	514
198.924	513
198.974	493
199.024	489
199.074	477
199.124	455
199.175	450
199.225	437
199.275	423
199.325	419
199.375	415
199.425	408
199.476	412
199.527	410
199.577	421
199.627	430
199.677	435
199.727	453
199.778	462
199.828	477
199.878	491
199.928	491
199.978	512
200.029	518
200.079	518
200.129	528
200.179	515
200.229	523
200.279	516
200.330	497
200.380	496
200.431	482
200.481	464
200.531	456
200.581	436
200.632	428
200.682	420
200.732	407
200.782	408
200.832	407
200.883	404
200.933	414
200.983	417
201.033	432
201.083	446
201.133	454
201.184	476
201.234	489
201.284	499
201.335	517
201.385	514
201.436	534
201.486	537
201.536	525
201.586	534
201.636	522
201.686	508
201.737	502
201.787	476
201.837	469
201.887	452
201.937	430
201.987	421
202.038	409
202.088	395
202.138	394
202.188	390
202.239	395
202.290	402
202.340	410
202.390	428
202.440	443
202.490	458
202.540	482
202.591	490
202.641	517
202.691	530
202.741	532
202.791	550
202.841	545
202.892	546
202.942	544
202.992	520
203.042	519
203.092	500
203.144	473
203.194	461
203.244	440
203.294	418
203.344	406
203.394	389
203.445	384
203.495	380
203.545	378
203.595	386
203.645	399
203.695	409
203.746	431
203.796	445
203.846	475
203.896	495
203.946	507
203.997	534
204.048	541
204.098	554
204.148	562
204.198	547
204.248	557
204.299	545
204.349	519
204.399	512
204.449	486
204.499	465
204.549	444
204.600	417
204.650	403
204.700	388
204.750	375
204.800	371
204.851	383
204.901	372
204.952	388
205.002	400
205.052	423
205.102	446
205.153	463
205.203	493
205.253	503
205.303	534
205.353	550
205.404	544
205.454	568
205.504	565
205.554	553
205.604	552
205.654	522
205.705	516
205.755	494
205.805	464
205.856	446
205.906	423
205.956	400
206.007	387
206.057	383
206.107	364
206.157	369
206.207	372
206.258	385
206.308	402
206.358	416
206.408	444
206.458	461
206.508	493
206.559	515
206.609	522
206.659	550
206.709	557
206.760	557
206.810	567
206.861	546
206.911	551
206.961	535
207.011	503
207.061	493
207.112	469
207.162	442
207.212	424
207.262	402
207.312	388
207.362	380
207.413	371
207.463	374
207.513	380
207.563	386
207.613	406
207.664	420
207.715	446
207.765	470
207.815	484
207.865	514
207.915	528
207.966	537
208.016	554
208.066	545
208.116	559
208.166	552
208.216	530
208.267	528
208.317	507
208.367	485
208.417	469
208.467	441
208.517	428
208.569	411
208.619	396
208.669	390
208.719	387
208.769	384
208.820	391
208.870	399
208.920	415
208.970	433
209.020	444
209.070	471
209.121	487
209.171	503
209.221	521
209.271	519
209.321	540
209.372	543
209.422	531
209.473	539
209.523	526
209.573	513
209.623	503
209.674	476
209.724	470
209.774	454
209.824	433
209.874	425
209.924	415
209.975	403
210.025	403
210.075	400
210.125	407
210.175	414
210.226	420
210.276	437
210.327	450
210.377	461
210.427	480
210.477	482
210.528	505
210.578	514
210.628	510
210.678	526
210.728	521
210.778	521
210.829	519
210.879	501
210.929	502
210.979	491
211.029	471
211.080	467
211.130	453
211.180	440
211.231	434
211.281	420
211.331	420
211.382	418
211.432	414
211.482	420
211.532	426
211.582	430
211.632	443
211.683	446
211.733	464
211.783	475
211.833	478
211.883	496
211.934	494
211.984	509
212.034	516
212.084	506
212.135	518
212.185	514
212.236	502
212.286	503
212.336	487
212.386	483
212.436	474
212.487	455
212.537	452
212.587	441
212.637	428
212.687	426
212.737	415
212.788	416
212.838	419
212.888	416
212.938	427
212.988	435
213.039	440
213.090	456
213.140	463
213.190	478
213.240	491
213.290	492
213.341	511
213.391	517
213.441	515
213.491	525
213.541	511
213.591	520
213.642	513
213.692	491
213.742	493
213.792	479
213.842	460
213.892	453
213.944	432
213.994	426
214.044	418
214.094	407
214.144	407
214.195	407
214.245	405
214.295	415
214.345	419
214.395	436
214.445	451
214.496	459
214.546	482
214.596	495
214.646	503
214.696	522
214.746	518
214.797	537
214.848	539
214.898	524
214.948	532
214.998	519
215.049	503
215.099	495
215.149	468
215.199	462
215.249	444
215.299	422
215.350	413
215.400	404
215.450	392
215.500	392
215.550	388
215.600	398
215.651	408
215.701	416
215.752	436
215.802	453
215.852	469
215.903	493
215.953	498
216.003	526
216.053	538
216.103	535
216.153	552
216.204	546
216.254	541
