#Creator: pendulumdriveEventBuffer
#Creation time: Fri Apr  7 15:31:08 2017
#Time	Pos
#[s]	[au]
0.050	439
0.100	445
0.151	450
0.201	459
0.251	470
0.301	478
0.351	495
0.402	502
0.452	521
0.502	533
0.552	534
0.602	551
0.653	554
0.704	552
0.754	558
0.804	541
0.854	547
0.904	536
0.954	518
1.005	511
1.055	496
1.105	480
1.155	469
1.205	461
1.256	444
1.306	438
1.356	434
1.406	432
1.456	435
1.507	438
1.558	448
1.608	462
1.658	472
1.708	487
1.758	496
1.808	517
1.859	529
1.909	538
1.959	554
2.009	550
2.059	565
2.110	565
2.160	553
2.210	556
2.260	545
2.310	530
2.360	521
2.412	499
2.462	488
2.512	474
2.562	458
2.612	447
2.663	438
2.713	429
2.763	427
2.813	430
2.863	431
2.913	440
2.964	448
3.014	463
3.064	477
3.114	491
3.164	510
3.214	517
3.265	538
3.316	549
3.366	550
3.416	566
3.466	564
3.517	563
3.567	562
3.617	544
3.667	543
3.717	530
3.767	510
3.818	499
3.868	483
3.918	465
3.968	455
4.018	443
4.068	434
4.119	429
4.169	427
4.220	429
4.270	436
4.320	442
4.371	455
4.421	466
4.471	484
4.521	499
4.571	510
4.621	529
4.672	538
4.722	551
4.772	561
4.822	553
4.872	566
4.922	563
4.973	551
5.023	549
5.073	533
5.124	521
5.174	509
5.225	489
5.275	478
5.325	464
5.375	450
5.425	442
5.475	436
5.526	429
5.576	430
5.626	434
5.676	440
5.726	450
5.776	459
5.827	475
5.877	488
5.927	503
5.977	519
6.028	524
6.079	544
6.129	552
6.179	552
6.229	563
6.279	557
6.329	558
6.380	552
6.430	534
6.480	531
6.530	516
6.580	499
6.631	488
6.681	474
6.731	460
6.781	450
6.831	442
6.881	435
6.933	435
6.983	434
7.033	439
7.083	459
7.133	454
7.183	468
7.234	477
7.284	495
7.334	509
7.384	519
7.434	535
7.485	532
7.535	553
7.585	557
7.635	549
7.685	558
7.735	552
7.786	541
7.837	536
7.887	516
7.937	511
7.987	497
8.037	480
8.088	471
8.138	460
8.188	448
8.238	442
8.288	445
8.339	435
8.389	439
8.439	444
8.489	452
8.539	462
8.589	471
8.640	487
8.690	495
8.741	513
8.791	525
8.841	528
8.892	545
8.942	549
8.992	551
9.042	555
9.092	542
9.142	549
9.193	540
9.243	523
9.293	520
9.343	505
9.393	491
9.443	481
9.494	467
9.544	459
9.594	451
9.645	445
9.695	442
9.746	443
9.796	443
9.846	450
9.896	456
9.946	467
9.996	479
10.047	487
10.097	503
10.147	513
10.197	522
10.247	534
10.297	533
10.348	547
10.398	549
10.448	540
10.498	547
10.549	539
10.600	531
10.650	524
10.700	506
10.750	503
10.800	492
10.850	478
10.901	471
10.951	463
11.001	454
11.051	451
11.101	448
11.151	449
11.202	452
11.252	456
11.302	464
11.352	473
11.402	481
11.454	493
11.504	497
11.554	514
11.604	522
11.654	524
11.704	537
11.755	538
11.805	541
11.855	543
11.905	533
11.955	536
12.005	528
12.056	516
12.106	512
12.156	500
12.206	490
12.256	483
12.307	471
12.358	466
12.408	460
12.458	454
12.508	453
12.558	455
12.609	454
12.659	461
12.709	464
12.759	474
12.809	483
12.860	489
12.910	502
12.960	508
13.010	518
13.060	527
13.110	524
13.161	537
13.212	539
13.262	534
13.312	538
13.362	530
13.412	527
13.463	521
13.513	507
13.563	503
13.613	494
13.663	482
13.714	477
13.764	470
13.814	460
13.864	459
13.914	455
13.964	456
14.015	458
14.065	459
14.116	466
14.166	474
14.216	480
14.266	490
14.317	494
14.367	508
14.417	515
14.467	519
14.517	530
14.568	524
14.618	537
14.668	538
14.718	531
14.768	534
14.818	528
14.869	519
14.919	515
14.969	502
15.020	497
15.070	489
15.120	477
15.171	472
15.221	466
15.271	459
15.321	458
15.371	460
15.422	456
15.472	461
15.522	463
15.572	471
15.622	479
15.672	485
15.723	496
15.773	501
15.823	514
15.873	521
15.924	522
15.975	533
16.025	535
16.075	535
16.125	538
16.175	527
16.225	532
16.276	525
16.326	513
16.376	509
16.426	499
16.476	488
16.526	482
16.577	470
16.627	466
16.677	461
16.727	456
16.777	455
16.829	456
16.879	455
16.929	462
16.979	467
17.029	476
17.079	485
17.130	491
17.180	504
17.230	512
17.280	519
17.330	529
17.380	528
17.431	540
17.481	542
17.531	534
17.581	540
17.631	532
17.682	525
17.733	521
17.783	504
17.833	501
17.883	491
17.933	478
17.984	472
18.034	463
18.084	455
18.134	452
18.184	449
18.234	450
18.285	454
18.335	456
18.385	465
18.435	474
18.485	481
18.536	494
18.586	498
18.637	515
18.687	524
18.737	527
18.787	540
18.838	541
18.888	544
18.938	547
18.988	535
19.038	539
19.088	531
19.139	516
19.189	512
19.239	499
19.289	488
19.339	478
19.390	466
19.440	459
19.490	452
19.541	446
19.591	445
19.641	447
19.692	448
19.742	455
19.792	460
19.842	472
19.892	484
19.943	491
19.993	507
20.043	516
20.093	527
20.143	538
20.193	537
20.244	549
20.294	550
20.344	543
20.394	547
20.445	537
20.495	531
20.546	522
20.596	505
20.646	499
20.696	486
20.746	472
20.797	464
20.847	457
20.897	446
20.947	444
20.997	441
21.047	443
21.098	447
21.148	452
21.198	462
21.248	474
21.299	483
21.349	497
21.400	503
21.450	522
21.500	531
21.550	535
21.600	548
21.651	543
21.701	553
21.751	552
21.801	539
21.851	541
21.901	531
21.952	517
22.002	509
22.052	494
22.102	483
22.152	473
22.204	460
22.254	453
22.304	447
22.354	441
22.404	441
22.454	447
22.505	445
22.555	455
22.605	462
22.655	475
22.705	487
22.755	496
22.806	512
22.856	516
22.906	535
22.956	543
23.006	541
23.056	553
23.108	552
23.158	547
23.208	548
23.258	530
23.308	531
23.359	519
23.409	503
23.459	494
23.509	481
23.559	468
23.609	459
23.660	450
23.710	443
23.760	441
23.810	439
23.860	442
23.911	449
23.961	454
24.012	466
24.062	473
24.112	489
24.162	502
24.213	510
24.263	527
24.313	535
24.363	542
24.413	552
24.463	544
24.514	555
24.564	552
24.614	540
24.664	539
24.714	527
24.765	514
24.815	504
24.865	487
24.916	479
24.966	466
25.016	454
25.067	448
25.117	443
25.167	437
25.217	439
25.267	443
25.317	448
25.368	457
25.418	465
25.468	480
25.518	492
25.568	504
25.619	519
25.669	522
25.719	541
25.769	548
25.820	545
25.870	557
25.921	553
25.971	550
26.021	547
26.071	528
26.121	527
26.172	514
26.222	497
26.272	487
26.322	474
26.372	460
26.422	452
26.473	444
26.523	438
26.573	437
26.623	438
26.673	442
26.724	451
26.775	456
26.825	470
26.875	480
26.925	496
26.975	510
27.026	519
27.076	535
27.126	540
27.176	551
27.226	556
27.276	550
27.327	557
27.377	551
27.427	539
27.477	535
27.527	520
27.577	509
27.629	496
27.679	479
27.729	469
27.779	458
27.829	446
27.880	440
27.930	439
27.980	432
28.030	437
28.080	443
28.130	451
28.181	461
28.231	471
28.281	487
28.331	497
28.381	514
28.431	528
28.482	532
28.533	549
28.583	554
28.633	554
28.683	560
28.734	544
28.784	552
28.834	543
28.884	526
28.934	519
28.984	505
29.035	488
29.085	477
29.135	467
29.185	452
29.235	444
29.285	437
29.336	434
29.386	435
29.437	436
29.487	444
29.537	457
29.588	464
29.638	478
29.688	487
29.738	506
29.788	519
29.838	528
29.889	543
29.939	540
29.989	559
30.039	560
30.089	550
30.140	556
30.190	547
30.240	535
30.290	528
30.341	509
30.391	501
30.442	487
30.492	470
30.542	461
30.592	451
30.642	440
30.692	436
30.743	434
30.793	434
30.843	440
30.893	446
30.943	457
30.994	469
31.044	480
31.094	496
31.144	505
31.195	525
31.245	536
31.296	538
31.346	554
31.396	556
31.446	556
31.496	558
31.546	543
31.597	546
31.647	535
31.697	517
31.747	510
31.797	495
31.848	480
31.898	469
31.948	455
31.998	447
32.048	440
32.099	435
32.150	434
32.200	438
32.250	440
32.300	450
32.350	459
32.400	473
32.451	487
32.501	497
32.551	515
32.601	525
32.651	537
32.702	549
32.752	544
32.802	560
32.852	559
32.902	551
32.952	551
33.004	540
33.054	529
33.104	519
33.154	500
33.204	491
33.255	477
33.305	462
33.355	453
33.405	445
33.455	435
33.505	433
33.556	434
33.606	437
33.656	444
33.706	451
33.756	465
33.806	478
33.857	490
33.908	507
33.958	514
34.008	534
34.058	544
34.109	546
34.159	559
34.209	557
34.259	560
34.309	557
34.359	541
34.410	540
34.460	527
34.510	510
34.560	499
34.610	484
34.660	468
34.711	457
34.761	446
34.812	437
34.862	432
34.912	429
34.963	432
35.013	440
35.063	443
35.113	456
35.163	467
35.213	484
35.264	499
35.314	510
35.364	528
35.414	531
35.464	552
35.514	560
35.565	554
35.615	566
35.665	562
35.716	551
35.766	548
35.817	527
35.867	522
35.917	508
35.967	487
36.017	477
36.067	462
36.118	448
36.168	438
36.218	438
36.268	424
36.318	427
36.368	431
36.419	438
36.469	448
36.519	458
36.569	475
36.620	488
36.671	507
36.721	522
36.771	530
36.821	550
36.871	557
36.921	559
36.972	569
37.022	558
37.072	564
37.122	555
37.172	537
37.223	531
37.273	515
37.323	496
37.373	484
37.423	465
37.473	452
37.525	441
37.575	432
37.625	425
37.675	425
37.725	424
37.775	432
37.826	440
37.876	452
37.926	467
37.976	480
38.026	499
38.077	514
38.127	529
38.177	546
38.227	545
38.277	566
38.327	570
38.378	562
38.429	569
38.479	559
38.529	549
38.579	540
38.629	517
38.680	508
38.730	491
38.780	472
38.830	459
38.880	446
38.931	432
38.981	426
39.031	424
39.081	422
39.131	427
39.181	434
39.232	445
39.282	459
39.333	472
39.383	492
39.433	503
39.484	526
39.534	540
39.584	546
39.634	564
39.684	566
39.734	571
39.785	572
39.835	556
39.885	559
39.935	547
39.985	527
40.035	516
40.086	497
40.136	480
40.186	464
40.237	449
40.287	436
40.338	428
40.388	422
40.438	419
40.488	425
40.538	426
40.588	438
40.639	450
40.689	467
40.739	484
40.789	498
40.839	519
40.889	532
40.940	549
40.990	561
41.040	559
41.090	575
41.141	574
41.192	565
41.242	565
41.292	548
41.342	539
41.392	524
41.442	500
41.493	488
41.543	471
41.593	453
41.643	440
41.693	447
41.743	418
41.794	418
41.844	419
41.894	423
41.944	433
41.994	443
42.046	459
42.096	480
42.146	493
42.196	512
42.246	523
42.296	546
42.347	557
42.397	563
42.447	576
42.497	561
42.547	577
42.597	570
42.648	551
42.698	547
42.748	530
42.798	510
42.848	496
42.899	477
42.950	458
43.000	444
43.050	432
43.100	422
43.150	418
43.201	416
43.251	419
43.301	431
43.351	436
43.401	452
43.452	467
43.502	487
43.552	505
43.602	520
43.652	541
43.702	541
43.753	568
43.804	574
43.854	569
43.904	579
43.954	572
44.004	559
44.055	554
44.105	528
44.155	521
44.205	503
44.255	480
44.306	466
44.356	450
44.406	433
44.456	424
44.506	419
44.556	413
44.607	417
44.657	422
44.708	432
44.758	447
44.808	459
44.858	480
44.909	494
44.959	518
45.009	535
45.059	542
45.109	564
45.160	570
45.210	575
45.260	580
45.310	569
45.360	570
45.410	559
45.461	538
45.511	528
45.561	508
45.612	488
45.662	472
45.712	453
45.763	439
45.813	427
45.863	419
45.913	414
45.963	415
46.014	416
46.064	427
46.114	440
46.164	455
46.214	472
46.264	487
46.315	511
46.365	527
46.415	543
46.465	560
46.516	561
46.567	579
46.617	580
46.667	573
46.717	575
46.767	561
46.817	549
46.868	535
46.918	510
46.968	498
47.018	479
47.068	458
47.118	444
47.169	433
47.219	418
47.269	414
47.319	415
47.369	415
47.421	422
47.471	434
47.521	448
47.571	466
47.621	482
47.671	504
47.722	517
47.772	541
47.822	555
47.872	561
47.922	577
47.972	576
48.023	581
48.073	578
48.123	559
48.173	557
48.223	541
48.274	519
48.325	505
48.375	485
48.425	465
48.475	449
48.525	436
48.576	422
48.626	416
48.676	412
48.726	413
48.776	423
48.826	426
48.877	443
48.927	458
48.977	478
49.027	496
49.077	511
49.128	535
49.178	536
49.229	564
49.279	574
49.329	570
49.379	583
49.430	578
49.480	568
49.530	562
49.580	535
49.630	531
49.680	513
49.731	489
49.781	475
49.831	457
49.881	440
49.931	427
49.982	427
50.032	410
50.082	414
50.133	418
50.183	425
50.233	438
50.284	451
50.334	470
50.384	487
50.434	508
50.484	527
50.535	535
50.585	558
50.635	566
50.685	571
50.735	580
50.785	568
50.836	575
50.886	565
50.936	545
50.986	537
51.037	519
51.087	498
51.138	482
51.188	463
51.238	448
51.288	435
51.338	425
51.389	417
51.439	415
51.489	417
51.539	424
51.589	435
51.639	448
51.690	464
51.740	478
51.790	500
51.840	517
51.891	531
51.941	551
51.992	551
52.042	572
52.092	576
52.142	567
52.192	575
52.243	565
52.293	552
52.343	543
52.393	518
52.443	508
52.493	490
52.544	469
52.594	456
52.644	443
52.694	428
52.744	422
52.796	421
52.846	418
52.896	423
52.946	432
52.996	443
53.046	459
53.097	472
53.147	492
53.197	503
53.247	527
53.297	542
53.347	546
53.398	566
53.448	569
53.498	573
53.548	574
53.598	558
53.648	559
53.700	547
53.750	526
53.800	516
53.850	497
53.900	480
53.951	464
54.001	449
54.051	436
54.101	428
54.151	422
54.201	420
54.252	425
54.302	428
54.352	439
54.402	452
54.452	468
54.503	484
54.553	498
54.604	519
54.654	532
54.704	547
54.754	560
54.805	560
54.855	573
54.905	572
54.955	563
55.005	563
55.055	547
55.106	537
55.156	523
55.206	500
55.256	489
55.306	472
55.357	454
55.407	443
55.457	435
55.508	423
55.558	422
55.608	423
55.659	427
55.709	436
55.759	446
55.809	461
55.859	477
55.909	493
55.960	511
56.010	519
56.060	542
56.110	553
56.160	557
56.211	571
56.261	558
56.311	572
56.361	565
56.412	547
56.462	544
56.513	529
56.563	510
56.613	497
56.663	479
56.713	462
56.764	449
56.814	438
56.864	428
56.914	424
56.964	421
57.014	424
57.065	439
57.115	440
57.165	454
57.215	468
57.265	486
57.316	503
57.367	516
57.417	537
57.467	537
57.517	561
57.567	568
57.618	560
57.668	573
57.718	567
57.768	557
57.818	550
57.868	528
57.919	522
57.969	505
58.019	483
58.069	470
58.119	455
58.169	440
58.221	431
58.271	427
58.321	418
58.371	422
58.421	428
58.472	436
58.522	448
58.572	460
58.622	478
58.672	491
58.722	513
58.773	530
58.823	537
58.873	557
58.923	563
58.973	569
59.023	574
59.074	557
59.125	566
59.175	556
59.225	537
59.275	529
59.326	510
59.376	492
59.426	477
59.476	459
59.526	445
59.576	435
59.627	426
59.677	420
59.727	422
59.777	422
59.827	430
59.877	441
59.928	455
59.978	470
60.029	485
60.079	505
60.129	521
60.180	535
60.230	553
60.280	553
60.330	571
60.380	574
60.430	563
60.481	570
60.531	559
60.581	548
60.631	537
60.681	514
60.732	503
60.782	485
60.832	465
60.882	452
60.933	441
60.983	426
61.034	422
61.084	421
61.134	420
61.184	427
61.234	435
61.284	448
61.335	464
61.385	478
61.435	498
61.485	509
61.535	532
61.586	545
61.636	551
61.686	567
61.736	568
61.787	573
61.837	572
61.888	555
61.938	556
61.988	542
62.038	522
62.088	511
62.138	493
62.189	474
62.239	460
62.289	445
62.339	433
62.389	426
62.440	420
62.490	420
62.540	428
62.590	430
62.640	442
62.691	455
62.742	471
62.792	489
62.842	502
62.892	523
62.942	535
62.992	551
63.043	562
63.093	559
63.143	573
63.193	571
63.243	562
63.294	560
63.344	541
63.394	534
63.444	519
63.494	496
63.544	485
63.596	468
63.646	451
63.696	440
63.746	439
63.796	421
63.847	422
63.897	424
63.947	429
63.997	438
64.047	449
64.097	465
64.148	481
64.198	497
64.248	515
64.298	523
64.348	546
64.398	555
64.449	559
64.500	571
64.550	555
64.600	571
64.650	563
64.701	543
64.751	541
64.801	525
64.851	506
64.901	493
64.951	475
65.002	460
65.052	447
65.102	436
65.152	427
65.202	424
65.252	422
65.303	427
65.353	435
65.404	444
65.454	459
65.504	471
65.555	490
65.605	506
65.655	519
65.705	539
65.755	539
65.805	561
65.856	568
65.906	562
65.956	571
66.006	563
66.056	554
66.106	547
66.157	526
66.207	517
66.257	500
66.308	480
66.358	468
66.409	454
66.459	439
66.509	431
66.559	427
66.609	423
66.659	425
66.710	432
66.760	440
66.810	453
66.860	464
66.910	482
66.960	494
67.011	515
67.061	530
67.111	537
67.161	556
67.212	561
67.263	566
67.313	570
67.363	557
67.413	562
67.463	551
67.513	532
67.564	525
67.614	508
67.664	490
67.714	476
67.764	460
67.815	448
67.865	437
67.915	429
67.965	425
68.015	427
68.065	426
68.117	436
68.167	447
68.217	459
68.267	475
68.317	486
68.367	507
68.418	520
68.468	535
68.518	550
68.568	548
68.618	566
68.669	568
68.719	561
68.769	565
68.819	550
68.869	544
68.919	532
68.970	512
69.021	501
69.071	484
69.121	466
69.171	455
69.221	445
69.272	430
69.322	428
69.372	427
69.422	427
69.472	433
69.523	440
69.573	452
69.623	468
69.673	481
69.723	498
69.773	508
69.824	529
69.874	541
69.925	549
69.975	562
70.025	560
70.076	569
70.126	566
70.176	551
70.226	551
70.276	538
70.326	520
70.377	510
70.427	491
70.477	476
70.527	463
70.577	450
70.627	439
70.678	432
70.728	426
70.778	427
70.829	439
70.879	435
70.930	447
70.980	457
71.030	474
71.080	489
71.130	500
71.180	520
71.231	523
71.281	547
71.331	556
71.381	552
71.431	566
71.481	564
71.532	557
71.582	555
71.632	536
71.682	533
71.733	518
71.784	498
71.834	487
71.884	472
71.934	457
71.984	447
72.034	438
72.085	430
72.135	429
72.185	431
72.235	435
72.285	444
72.335	451
72.386	466
72.436	477
72.486	496
72.536	511
72.586	518
72.638	537
72.688	546
72.738	551
72.788	563
72.838	553
72.888	563
72.939	557
72.989	541
73.039	539
73.089	524
73.139	509
73.189	497
73.240	478
73.290	468
73.340	455
73.390	445
73.440	437
73.491	433
73.542	429
73.592	434
73.642	440
73.692	448
73.742	459
73.793	470
73.843	487
73.893	500
73.943	514
73.993	530
74.044	532
74.094	551
74.144	558
74.194	554
74.244	563
74.294	556
74.345	551
74.396	545
74.446	524
74.496	520
74.546	505
74.596	486
74.647	476
74.697	463
74.747	449
74.797	441
74.847	435
74.898	431
74.948	432
74.998	435
75.048	443
75.098	453
75.148	462
75.199	479
75.249	488
75.300	509
75.350	522
75.400	529
75.450	547
75.501	551
75.551	559
75.601	564
75.651	554
75.701	558
75.752	550
75.802	534
75.852	528
75.902	512
75.952	497
76.002	484
76.053	467
76.103	456
76.153	446
76.204	436
76.254	431
76.304	433
76.355	429
76.405	437
76.455	445
76.505	456
76.555	470
76.606	481
76.656	500
76.706	512
76.756	529
76.806	542
76.856	543
76.907	559
76.957	563
77.007	558
77.057	563
77.108	547
77.159	548
77.209	536
77.259	515
77.309	507
77.359	491
77.409	474
77.460	462
77.510	456
77.560	436
77.610	432
77.660	429
77.710	428
77.761	433
77.811	438
77.861	449
77.911	465
77.961	474
78.013	491
78.063	501
78.113	523
78.163	535
78.213	543
78.263	558
78.314	551
78.364	569
78.414	567
78.464	553
78.514	555
78.564	542
78.615	527
78.665	516
78.715	493
78.765	483
78.815	468
78.866	453
78.917	442
78.967	434
79.017	426
79.067	425
79.117	429
79.168	430
79.218	442
79.268	452
79.318	467
79.368	483
79.418	496
79.469	516
79.519	523
79.569	545
79.619	555
79.669	556
79.720	569
79.770	568
79.821	563
79.871	561
79.921	542
79.971	539
80.022	524
80.072	504
80.122	492
80.172	475
80.222	458
80.272	446
80.323	436
80.373	427
80.423	424
80.473	424
80.523	427
80.574	436
80.624	444
80.674	459
80.725	471
80.775	491
80.825	508
80.876	518
80.926	540
80.976	549
81.026	558
81.076	569
81.127	559
81.177	571
81.227	566
81.277	551
81.327	547
81.377	530
81.428	514
81.478	500
81.528	480
81.578	466
81.629	451
81.679	438
81.730	429
81.780	425
81.830	420
81.880	423
81.930	430
81.981	439
82.031	452
82.081	464
82.131	483
82.181	498
82.231	514
82.282	533
82.332	536
82.382	558
82.432	566
82.483	564
82.533	573
82.584	565
82.634	561
82.684	553
82.734	531
82.784	525
82.835	508
82.885	487
82.935	474
82.985	459
83.035	443
83.085	433
83.136	427
83.186	422
83.236	422
83.286	426
83.336	433
83.388	447
83.438	456
83.488	475
83.538	487
83.588	509
83.638	525
83.689	535
83.739	553
83.789	556
83.839	568
83.889	572
83.939	561
83.990	567
84.040	556
84.090	540
84.140	532
84.190	513
84.240	498
84.292	483
84.342	464
84.392	452
84.442	440
84.492	429
84.543	424
84.593	438
84.643	422
84.693	431
84.743	440
84.793	452
84.844	468
84.894	481
84.944	500
84.994	511
85.044	532
85.095	545
85.145	547
85.196	566
85.246	568
85.296	564
85.346	569
85.397	546
85.447	552
85.497	539
85.547	518
85.597	508
85.647	491
85.698	473
85.748	460
85.798	447
85.848	434
85.898	428
85.949	425
85.999	424
86.049	430
86.100	435
86.150	447
86.200	459
86.251	475
86.301	492
86.351	502
86.401	524
86.451	536
86.501	545
86.552	560
86.602	553
86.652	569
86.702	567
86.752	552
86.803	555
86.853	542
86.903	527
86.953	516
87.004	493
87.054	484
87.105	469
87.155	454
87.205	444
87.255	437
87.305	428
87.356	428
87.406	430
87.456	435
87.506	445
87.556	454
87.606	469
87.657	483
87.707	496
87.757	514
87.807	520
87.857	540
87.908	550
87.959	550
88.009	563
88.059	561
88.109	559
88.159	556
88.210	538
88.260	536
88.310	522
88.360	504
88.410	494
88.460	479
88.511	463
88.561	453
88.611	443
88.661	436
88.711	433
88.761	432
88.813	436
88.863	443
88.913	450
88.963	463
89.013	473
89.064	490
89.114	504
89.164	512
89.214	532
89.264	539
89.314	549
89.365	557
89.415	550
89.465	560
89.515	555
89.565	543
89.615	540
89.666	526
89.717	514
89.767	502
89.817	485
89.867	475
89.918	463
89.968	451
90.018	444
90.068	441
90.118	434
90.168	437
90.219	441
90.269	448
90.319	458
90.369	467
90.419	481
90.469	493
90.520	507
90.570	521
90.621	525
90.671	542
90.721	548
90.772	548
90.822	557
90.872	549
90.922	551
90.972	544
91.022	527
91.073	524
91.123	511
91.173	494
91.223	485
91.273	475
91.324	460
91.374	453
91.424	444
91.474	441
91.525	440
91.575	440
91.626	446
91.676	460
91.726	461
91.776	474
91.826	481
91.876	498
91.927	510
91.977	518
92.027	533
92.077	528
92.127	548
92.178	551
92.228	544
92.278	551
92.328	544
92.379	535
92.429	530
92.480	513
92.530	507
92.580	496
92.630	480
92.680	471
92.730	462
92.781	452
92.831	447
92.881	447
92.931	441
92.981	446
93.032	449
93.082	457
93.132	467
93.182	475
93.232	488
93.283	495
93.334	511
93.384	522
93.434	523
93.484	540
93.534	544
93.584	545
93.635	549
93.685	537
93.735	543
93.785	536
93.835	522
93.886	517
93.936	504
93.986	491
94.036	483
94.086	469
94.136	462
94.188	455
94.238	448
94.288	446
94.338	447
94.388	447
94.439	453
94.489	458
94.539	468
94.589	479
94.639	486
94.689	501
94.740	511
94.790	520
94.840	532
94.890	530
94.940	545
94.990	547
95.041	540
95.092	547
95.142	539
95.192	531
95.242	526
95.293	509
95.343	504
95.393	492
95.443	479
95.493	471
95.543	463
95.594	452
95.644	449
95.694	446
95.744	446
95.794	449
95.844	452
95.895	460
95.945	470
95.996	478
96.046	490
96.096	497
96.147	513
96.197	523
96.247	525
96.297	540
96.347	541
96.397	545
96.448	548
96.498	535
96.548	541
96.598	533
96.648	519
96.698	515
96.749	503
96.799	490
96.849	481
96.900	469
96.950	462
97.001	455
97.051	449
97.101	447
97.151	449
97.201	448
97.251	454
97.302	459
97.352	470
97.402	480
97.452	487
97.502	502
97.552	510
97.603	522
97.653	532
97.703	530
97.753	545
97.804	546
97.855	541
97.905	544
97.955	535
98.005	532
98.055	524
98.105	508
98.156	503
98.206	492
98.256	479
98.306	471
98.356	465
98.407	452
98.457	450
98.507	446
98.557	447
98.607	450
98.657	453
98.709	461
98.759	471
98.809	480
98.859	491
98.909	496
98.959	513
99.010	522
99.060	527
99.110	539
99.160	532
99.210	547
99.261	547
99.311	536
99.361	540
99.411	532
99.461	521
99.511	514
99.562	499
99.613	491
99.663	481
99.713	469
99.763	463
99.813	457
99.864	449
99.914	449
99.964	448
100.014	450
100.064	455
100.115	460
100.165	470
100.215	480
100.265	487
100.315	502
100.365	505
100.416	522
100.466	530
100.517	529
100.567	543
100.617	543
100.668	541
100.718	543
100.768	530
100.818	532
100.868	524
100.918	509
100.969	504
101.019	493
101.069	480
101.119	473
101.169	462
101.219	457
101.270	452
101.320	448
101.370	449
101.421	452
101.471	454
101.522	463
101.572	468
101.622	480
101.672	490
101.722	497
101.772	512
101.823	519
101.873	527
101.923	537
101.973	530
102.023	544
102.073	544
102.124	536
102.174	539
102.224	529
102.274	521
102.325	514
102.376	498
102.426	493
102.476	483
102.526	471
102.576	464
102.626	459
102.677	451
102.727	450
102.777	449
102.827	452
102.877	457
102.927	460
102.978	471
103.028	480
103.078	488
103.128	501
103.178	505
103.230	520
103.280	528
103.330	529
103.380	541
103.430	540
103.480	543
103.531	542
103.581	530
103.631	532
103.681	524
103.731	511
103.781	505
103.832	493
103.882	482
103.932	475
103.982	464
104.032	459
104.083	454
104.134	449
104.184	451
104.234	454
104.284	454
104.334	463
104.385	468
104.435	480
104.485	489
104.535	495
104.585	510
104.636	515
104.686	526
104.736	534
104.786	531
104.836	542
104.886	542
104.937	535
104.988	537
105.038	527
105.088	523
105.138	515
105.188	500
105.239	496
105.289	486
105.339	473
105.389	468
105.439	465
105.490	454
105.540	453
105.590	450
105.640	454
105.690	457
105.740	461
105.791	470
105.841	479
105.892	488
105.942	498
105.992	502
106.042	518
106.093	524
106.143	527
106.193	538
106.243	529
106.293	543
106.344	541
106.394	530
106.444	532
106.494	524
106.544	513
106.594	507
106.645	493
106.695	487
106.745	478
106.796	466
106.846	462
106.896	457
106.947	451
106.997	452
107.047	453
107.097	456
107.147	462
107.198	467
107.248	478
107.298	486
107.348	494
107.398	507
107.448	510
107.499	525
107.549	532
107.599	531
107.649	542
107.700	541
107.751	539
107.801	539
107.851	524
107.901	527
107.951	518
108.001	503
108.052	498
108.102	487
108.152	476
108.202	469
108.252	459
108.302	455
108.353	451
108.403	448
108.453	450
108.503	454
108.553	457
108.605	467
108.655	473
108.705	486
108.755	496
108.805	503
108.855	518
108.906	525
108.956	532
109.006	541
109.056	535
109.106	547
109.156	545
109.207	536
109.257	536
109.307	526
109.357	516
109.407	509
109.458	492
109.509	486
109.559	475
109.609	463
109.659	457
109.709	452
109.760	444
109.810	446
109.860	446
109.910	451
109.960	457
110.010	463
110.061	475
110.111	486
110.161	496
110.211	510
110.261	513
110.312	531
110.362	538
110.413	538
110.463	550
110.513	546
110.563	547
110.614	545
110.664	530
110.714	530
110.764	518
110.814	503
110.864	495
110.915	483
110.965	470
111.015	461
111.065	452
111.115	446
111.166	443
111.216	440
111.266	443
111.317	450
111.367	453
111.417	465
111.468	473
111.518	488
111.568	500
111.618	509
111.668	525
111.719	531
111.769	543
111.819	550
111.869	544
111.919	555
111.969	551
112.020	542
112.070	539
112.120	520
112.170	516
112.221	505
112.271	487
112.322	478
112.372	466
112.422	454
112.472	447
112.522	449
112.573	434
112.623	437
112.673	440
112.723	447
112.773	455
112.823	463
112.874	478
112.924	489
112.974	504
113.024	518
113.075	523
113.125	541
113.176	547
113.226	548
113.276	558
113.326	542
113.376	554
113.427	547
113.477	531
113.527	527
113.577	514
113.627	498
113.677	487
113.728	475
113.778	460
113.828	451
113.878	442
113.928	438
113.980	436
114.030	435
114.080	440
114.130	447
114.180	456
114.230	469
114.281	478
114.331	495
114.381	508
114.431	518
114.481	534
114.531	534
114.582	551
114.632	556
114.682	549
114.732	557
114.782	550
114.832	540
114.884	536
114.934	515
114.984	511
115.034	497
115.084	479
115.135	470
115.185	459
115.235	448
115.285	441
115.335	437
115.385	434
115.436	437
115.486	442
115.536	450
115.586	460
115.636	470
115.687	485
115.737	493
115.788	512
115.838	525
115.888	529
115.938	546
115.989	550
116.039	553
116.089	558
116.139	543
116.189	551
116.239	543
116.290	527
116.340	521
116.390	505
116.440	490
116.490	479
116.541	464
116.591	455
116.641	446
116.692	438
116.742	435
116.792	437
116.843	436
116.893	444
116.943	451
116.993	463
117.043	476
117.093	485
117.144	503
117.194	514
117.244	527
117.294	540
117.344	540
117.395	555
117.445	558
117.495	551
117.545	555
117.596	545
117.646	538
117.697	529
117.747	509
117.797	502
117.847	489
117.897	472
117.948	462
117.998	453
118.048	440
118.098	437
118.148	435
118.198	435
118.249	440
118.299	445
118.349	456
118.399	468
118.449	479
118.500	494
118.551	502
118.601	522
118.651	533
118.701	537
118.751	552
118.802	552
118.852	559
118.902	559
118.952	544
119.002	547
119.052	536
119.103	521
119.153	511
119.203	494
119.253	482
119.303	469
119.353	455
119.405	447
119.455	440
119.505	434
119.555	432
119.605	443
119.656	437
119.706	448
119.756	457
119.806	471
119.856	485
119.906	495
119.957	513
120.007	519
120.057	540
120.107	549
120.157	547
120.207	561
120.258	560
120.309	554
120.359	554
120.409	537
120.459	534
120.510	521
120.560	500
120.610	492
120.660	477
120.710	461
120.760	452
120.811	443
120.861	433
120.911	431
120.961	432
121.011	435
121.061	442
121.112	449
121.162	463
121.213	473
121.263	490
121.313	505
121.364	512
121.414	533
121.464	542
121.514	548
121.564	560
121.614	550
121.665	563
121.715	558
121.765	543
121.815	541
121.865	528
121.916	512
121.966	500
122.016	481
122.066	471
122.117	458
122.167	446
122.218	437
122.268	433
122.318	428
122.368	431
122.418	436
122.468	444
122.519	455
122.569	465
122.619	482
122.669	496
122.719	509
122.770	527
122.820	530
122.870	550
122.920	558
122.971	554
123.021	565
123.072	560
123.122	554
123.172	549
123.222	528
123.272	525
123.322	509
123.373	490
123.423	479
123.473	465
123.523	448
123.573	441
123.624	434
123.674	428
123.724	427
123.774	431
123.824	437
123.875	447
123.926	457
123.976	473
124.026	483
124.076	504
124.126	519
124.176	527
124.227	546
124.277	552
124.327	561
124.377	567
124.427	556
124.478	562
124.528	555
124.578	539
124.628	533
124.678	515
124.728	500
124.780	486
124.830	468
124.880	456
124.930	444
124.980	433
125.031	427
125.081	427
125.131	424
125.181	431
125.231	440
125.281	450
125.332	465
125.382	476
125.432	496
125.482	510
125.532	527
125.582	542
125.633	544
125.684	563
125.734	567
125.784	563
125.834	569
125.885	556
125.935	553
125.985	541
126.035	518
126.085	510
126.135	493
126.186	473
126.236	461
126.286	453
126.336	433
126.386	427
126.436	424
126.487	421
126.537	425
126.588	432
126.638	443
126.688	461
126.739	470
126.789	489
126.839	500
126.889	523
126.939	538
126.989	547
127.040	563
127.090	554
127.140	575
127.190	573
127.240	557
127.290	560
127.341	547
127.391	530
127.441	518
127.492	496
127.542	482
127.593	466
127.643	448
127.693	436
127.743	428
127.793	420
127.843	418
127.894	423
127.944	424
127.994	435
128.044	448
128.094	464
128.144	481
128.195	496
128.245	517
128.295	527
128.345	549
128.396	559
128.447	557
128.497	575
128.547	574
128.597	567
128.647	566
128.697	543
128.748	542
128.798	525
128.848	503
128.898	490
128.948	473
128.999	454
129.049	442
129.099	431
129.149	422
129.199	418
129.249	418
129.301	422
129.351	432
129.401	441
129.451	457
129.501	470
129.551	491
129.602	509
129.652	519
129.702	543
129.752	552
129.802	563
129.853	573
129.903	565
129.953	575
130.003	569
130.053	552
130.103	548
130.154	531
130.205	513
130.255	498
130.305	477
130.355	463
130.405	448
130.456	434
130.506	425
130.556	421
130.606	416
130.656	419
130.707	427
130.757	436
130.807	450
130.857	464
130.907	483
130.957	499
131.008	517
131.058	536
131.109	540
131.159	563
131.209	570
131.260	567
131.310	576
131.360	567
131.410	563
131.460	554
131.510	532
131.561	524
131.611	506
131.661	484
131.711	470
131.761	455
131.811	437
131.862	427
131.912	421
131.962	416
132.013	418
132.063	422
132.114	431
132.164	447
132.214	456
132.264	476
132.314	488
132.364	512
132.415	529
132.465	539
132.515	559
132.565	561
132.615	575
132.665	577
132.716	563
132.766	570
132.816	558
132.866	541
132.917	531
132.968	512
133.018	494
133.068	477
133.118	457
133.168	443
133.218	431
133.269	421
133.319	415
133.369	426
133.419	416
133.469	426
133.519	438
133.570	452
133.620	469
133.670	483
133.720	505
133.770	516
133.822	540
133.872	555
133.922	555
133.972	575
134.022	576
134.072	571
134.123	574
134.173	550
134.223	555
134.273	538
134.323	514
134.373	502
134.424	483
134.474	464
134.524	448
134.574	435
134.624	421
134.675	416
134.726	415
134.776	415
134.826	422
134.876	430
134.926	445
134.977	459
135.027	479
135.077	498
135.127	510
135.177	535
135.228	549
135.278	558
135.328	573
135.378	567
135.428	581
135.478	576
135.529	559
135.580	559
135.630	543
135.680	524
135.730	509
135.780	485
135.831	470
135.881	454
135.931	438
135.981	426
136.031	419
136.082	412
136.132	413
136.182	421
136.232	426
136.282	439
136.332	453
136.383	472
136.433	490
136.484	507
136.534	528
136.584	535
136.634	559
136.685	569
136.735	565
136.785	581
136.835	576
136.885	570
136.936	564
136.986	541
137.036	534
137.086	516
137.136	494
137.186	479
137.237	461
137.287	442
137.337	430
137.388	422
137.438	414
137.488	414
137.539	417
137.589	423
137.639	436
137.689	446
137.739	465
137.790	479
137.840	503
137.890	521
137.940	533
137.990	554
138.040	560
138.091	573
138.141	580
138.191	569
138.241	576
138.292	567
138.343	549
138.393	541
138.443	521
138.493	503
138.543	485
138.593	465
138.644	450
138.694	437
138.744	424
138.794	416
138.844	417
138.894	412
138.945	420
138.995	430
139.045	442
139.095	458
139.145	473
139.197	495
139.247	512
139.297	531
139.347	548
139.397	549
139.447	572
139.498	576
139.548	573
139.598	578
139.648	564
139.698	560
139.748	547
139.799	522
139.849	513
139.899	493
139.949	472
139.999	457
140.050	449
140.101	426
140.151	420
140.201	417
140.251	414
140.301	418
140.352	425
140.402	437
140.452	457
140.502	467
140.552	487
140.602	501
140.653	525
140.703	540
140.753	551
140.803	568
140.853	558
140.904	581
140.954	578
141.005	563
141.055	564
141.105	551
141.155	533
141.206	520
141.256	495
141.306	481
141.356	464
141.406	446
141.456	433
141.507	423
141.557	416
141.607	413
141.657	419
141.707	420
141.758	433
141.808	445
141.858	463
141.909	481
141.959	497
142.009	519
142.060	528
142.110	553
142.160	565
142.210	565
142.260	580
142.311	578
142.361	572
142.411	570
142.461	546
142.511	543
142.561	526
142.612	502
142.662	488
142.712	468
142.762	449
142.813	435
142.863	425
142.914	414
142.964	412
143.014	413
143.064	417
143.114	428
143.165	438
143.215	456
143.265	471
143.315	494
143.365	513
143.415	527
143.466	550
143.516	560
143.566	570
143.616	581
143.667	572
143.717	582
143.768	574
143.818	555
143.868	549
143.918	531
143.968	511
144.019	493
144.069	470
144.119	454
144.169	438
144.219	425
144.269	414
144.320	412
144.370	406
144.420	412
144.470	422
144.520	433
144.572	450
144.622	465
144.672	488
144.722	506
144.772	525
144.822	546
144.873	550
144.923	574
144.973	581
145.023	577
145.073	585
145.123	575
145.174	567
145.224	556
145.274	530
145.324	520
145.374	500
145.424	476
145.476	459
145.526	443
145.576	424
145.626	415
145.676	411
145.727	406
145.777	409
145.827	416
145.877	427
145.927	444
145.977	459
146.028	481
146.078	496
146.128	523
146.178	541
146.228	551
146.279	572
146.329	576
146.380	586
146.430	588
146.480	570
146.530	575
146.581	561
146.631	539
146.681	527
146.731	503
146.781	484
146.831	464
146.882	445
146.932	429
146.982	417
147.032	408
147.082	404
147.133	421
147.183	408
147.233	422
147.284	437
147.334	454
147.384	475
147.435	492
147.485	517
147.535	525
147.585	555
147.635	569
147.685	570
147.736	588
147.786	587
147.836	580
147.886	579
147.936	552
147.987	551
148.037	533
148.087	507
148.137	491
148.188	469
148.238	448
148.289	432
148.339	427
148.389	404
148.439	403
148.489	406
148.540	407
148.590	419
148.640	429
148.690	448
148.740	467
148.790	489
148.841	512
148.891	524
148.941	552
148.991	565
149.041	574
149.092	588
149.143	578
149.193	591
149.243	583
149.293	564
149.343	557
149.394	537
149.444	515
149.494	497
149.544	471
149.594	453
149.644	436
149.695	422
149.745	408
149.795	404
149.845	400
149.895	404
149.945	415
149.997	425
150.047	443
150.097	460
150.147	484
150.197	505
150.248	525
150.298	549
150.348	554
150.398	579
150.448	588
150.498	583
150.549	593
150.599	583
150.649	573
150.699	563
150.749	535
150.799	524
150.850	502
150.901	476
150.951	457
151.001	439
151.051	419
151.102	408
151.152	404
151.202	397
151.252	401
151.302	410
151.352	421
151.403	439
151.453	456
151.503	479
151.553	497
151.603	525
151.653	545
151.704	556
151.754	579
151.805	584
151.855	593
151.905	596
151.956	576
152.006	582
152.056	567
152.106	543
152.156	529
152.206	506
152.257	482
152.307	461
152.357	440
152.407	423
152.457	410
152.508	402
152.558	396
152.608	402
152.658	402
152.709	416
152.759	433
152.810	452
152.860	473
152.910	492
152.960	520
153.010	537
153.060	560
153.111	577
153.161	575
153.211	596
153.261	596
153.311	585
153.362	586
153.412	565
153.462	554
153.512	535
153.563	506
153.613	489
153.664	467
153.714	444
153.764	427
153.814	417
153.864	400
153.914	396
153.965	400
154.015	401
154.065	414
154.115	426
154.165	446
154.216	474
154.266	489
154.316	514
154.366	527
154.416	556
154.467	571
154.518	577
154.568	593
154.618	580
154.668	595
154.718	587
154.768	564
154.819	560
154.869	539
154.919	514
154.969	497
155.019	475
155.070	450
155.120	434
155.170	420
155.220	406
155.270	401
155.320	398
155.372	402
155.422	423
155.472	422
155.522	442
155.572	460
155.623	484
155.673	505
155.723	523
155.773	547
155.823	552
155.873	579
155.924	586
155.974	580
156.024	591
156.074	584
156.124	571
156.174	562
156.225	534
156.276	525
156.326	504
156.376	478
156.426	461
156.477	444
156.527	426
156.577	415
156.627	410
156.677	404
156.727	406
156.778	416
156.828	424
156.878	441
156.928	456
156.978	477
157.028	493
157.079	519
157.129	538
157.180	546
157.230	569
157.280	576
157.331	581
157.381	586
157.431	570
157.481	575
157.531	562
157.581	539
157.632	530
157.682	509
157.732	488
157.782	470
157.832	451
157.882	436
157.933	424
157.983	416
158.033	411
158.084	414
158.134	416
158.185	425
158.235	438
158.285	454
158.335	472
158.385	487
158.435	511
158.486	527
158.536	543
158.586	560
158.636	559
158.686	578
158.736	580
158.787	569
158.837	573
158.887	559
158.937	547
158.988	534
159.039	510
159.089	497
159.139	478
159.189	459
159.239	445
159.289	433
159.340	419
159.390	416
159.440	417
159.490	418
159.540	426
159.591	436
159.641	451
159.691	467
159.741	483
159.791	504
159.841	516
159.893	538
159.943	552
159.993	556
160.043	573
160.093	569
160.143	575
160.194	572
160.244	554
160.294	553
160.344	536
160.394	516
160.445	504
160.495	485
160.545	466
160.595	452
160.645	439
160.695	428
160.746	422
160.797	418
160.847	419
160.897	439
160.947	432
160.997	447
161.048	460
161.098	479
161.148	496
161.198	510
161.248	531
161.299	533
161.349	558
161.399	567
161.449	560
161.499	574
161.549	569
161.600	559
161.650	555
161.701	531
161.751	527
161.801	510
161.852	490
161.902	476
161.952	460
162.002	444
162.052	434
162.102	437
162.153	419
162.203	421
162.253	425
162.303	432
162.353	443
162.403	456
162.454	472
162.504	486
162.554	506
162.605	522
162.655	531
162.706	550
162.756	558
162.806	561
162.856	571
162.906	558
162.956	567
163.007	558
163.057	539
163.107	533
163.157	516
163.207	498
163.257	485
163.308	466
163.358	453
163.408	441
163.458	431
163.509	426
163.560	425
163.610	424
163.660	430
163.710	440
163.760	450
163.810	465
163.861	478
163.911	498
163.961	512
164.011	526
164.061	543
164.111	546
164.162	563
164.212	568
164.262	562
164.312	568
164.362	558
164.414	549
164.464	540
164.514	519
164.564	510
164.614	493
164.664	474
164.715	462
164.765	449
164.815	435
164.865	429
164.915	426
164.965	424
165.016	428
165.066	435
165.116	445
165.166	459
165.216	470
165.267	488
165.318	499
165.368	521
165.418	535
165.468	541
165.518	558
165.569	561
165.619	566
165.669	569
165.719	555
165.769	558
165.820	546
165.870	527
165.920	518
165.970	501
166.020	485
166.070	470
166.121	454
166.172	443
166.222	434
166.272	427
166.322	424
166.372	429
166.423	428
166.473	439
166.523	449
166.573	464
166.623	480
166.674	492
166.724	512
166.774	525
166.824	540
166.874	553
166.924	551
166.975	567
167.025	568
167.076	559
167.126	561
167.176	547
167.226	539
167.277	526
167.327	504
167.377	494
167.427	478
167.477	461
167.528	449
167.578	441
167.628	428
167.678	425
167.728	426
167.778	428
167.829	435
167.879	443
167.929	457
167.980	473
168.030	487
168.080	504
168.131	513
168.181	535
168.231	546
168.281	550
168.331	565
168.382	552
168.432	569
168.482	564
168.532	548
168.582	546
168.632	533
168.683	515
168.733	502
168.783	483
168.833	468
168.884	456
168.935	442
168.985	433
169.035	428
169.085	423
169.135	426
169.185	439
169.236	437
169.286	451
169.336	463
169.386	480
169.436	495
169.486	509
169.537	528
169.587	532
169.637	554
169.687	561
169.737	558
169.789	569
169.839	565
169.889	556
169.939	553
169.989	532
170.039	526
170.090	511
170.140	490
170.190	478
170.240	463
170.290	448
170.340	438
170.391	431
170.441	424
170.491	425
170.541	428
170.591	434
170.642	446
170.693	456
170.743	472
170.793	484
170.843	504
170.893	520
170.944	527
170.994	547
171.044	555
171.094	561
171.144	568
171.194	557
171.245	565
171.295	557
171.345	540
171.395	534
171.445	517
171.496	500
171.546	487
171.597	468
171.647	456
171.697	444
171.747	434
171.798	427
171.848	427
171.898	424
171.948	431
171.998	439
172.048	451
172.099	464
172.149	476
172.199	496
172.249	510
172.299	525
172.350	540
172.400	541
172.450	561
172.501	566
172.551	559
172.601	567
172.652	557
172.702	549
172.752	541
172.802	518
172.852	511
172.903	495
172.953	476
173.003	464
173.053	452
173.103	437
173.153	431
173.204	427
173.254	425
173.304	429
173.354	434
173.405	444
173.455	458
173.506	469
173.556	487
173.606	498
173.656	518
173.706	532
173.757	539
173.807	556
173.857	559
173.907	565
173.957	567
174.007	555
174.058	557
174.108	546
174.158	529
174.208	520
174.259	502
174.309	486
174.360	473
174.410	456
174.460	445
174.510	436
174.560	428
174.611	425
174.661	430
174.711	428
174.761	439
174.811	448
174.861	463
174.912	478
174.962	490
175.012	511
175.062	521
175.112	538
175.164	550
175.214	547
175.264	566
175.314	566
175.364	560
175.414	561
175.465	548
175.515	541
175.565	528
175.615	508
175.665	496
175.715	480
175.766	464
175.816	452
175.866	447
175.916	429
175.966	427
176.016	427
176.068	428
176.118	435
176.168	443
176.218	456
176.268	471
176.319	484
176.369	502
176.419	510
176.469	532
176.519	542
176.569	548
176.620	562
176.670	549
176.720	567
176.770	563
176.820	548
176.871	547
176.921	533
176.972	516
177.022	506
177.072	487
177.122	474
177.173	461
177.223	448
177.273	439
177.323	433
177.373	428
177.423	429
177.474	434
177.524	440
177.574	451
177.624	461
177.674	477
177.725	492
177.775	505
177.825	522
177.876	526
177.926	547
177.976	555
178.027	550
178.077	563
178.127	560
178.177	554
178.227	550
178.277	531
178.328	528
178.378	513
178.428	496
178.478	484
178.528	470
178.579	455
178.629	446
178.679	438
178.729	432
178.780	431
178.830	432
178.881	437
178.931	447
178.981	455
179.031	470
179.081	480
179.132	499
179.182	513
179.232	521
179.282	539
179.332	546
179.382	554
179.433	561
179.483	552
179.533	560
179.583	553
179.633	539
179.684	535
179.735	520
179.785	506
179.835	493
179.885	475
179.935	465
179.986	453
180.036	442
180.086	436
180.136	434
180.186	429
180.236	435
180.287	440
180.337	450
180.387	462
180.437	473
180.487	490
180.537	503
180.589	517
180.639	532
180.689	534
180.739	553
180.789	558
180.840	554
180.890	562
180.940	554
180.990	551
181.040	542
181.090	522
181.141	517
181.191	501
181.241	483
181.291	472
181.341	460
181.391	445
181.442	438
181.493	433
181.543	430
181.593	431
181.643	435
181.694	443
181.744	455
181.794	465
181.844	481
181.894	491
181.944	511
181.995	525
182.045	534
182.095	549
182.145	542
182.195	563
182.245	565
182.296	554
182.346	558
182.397	548
182.447	533
182.497	525
182.548	505
182.598	494
182.648	479
182.698	463
182.748	452
182.798	441
182.849	432
182.899	428
182.949	435
182.999	428
183.049	437
183.100	445
183.150	458
183.200	472
183.250	484
183.301	504
183.351	511
183.402	534
183.452	545
183.502	546
183.552	563
183.602	565
183.652	561
183.703	564
183.753	544
183.803	547
183.853	533
183.903	513
183.954	503
184.004	487
184.054	469
184.104	456
184.155	447
184.205	432
184.256	428
184.306	426
184.356	425
184.406	431
184.456	438
184.506	450
184.557	461
184.607	478
184.657	495
184.707	507
184.757	527
184.808	540
184.858	549
184.908	562
184.958	557
185.008	571
185.059	568
185.110	553
185.160	554
185.210	540
185.260	524
185.310	512
185.360	490
185.411	478
185.461	462
185.511	448
185.561	436
185.611	430
185.662	421
185.712	422
185.762	426
185.812	432
185.862	443
185.912	454
185.964	470
186.014	486
186.064	502
186.114	521
186.164	527
186.215	550
186.265	560
186.315	558
186.365	572
186.415	568
186.465	565
186.516	561
186.566	540
186.616	536
186.666	519
186.716	498
186.766	485
186.817	469
186.868	451
186.918	439
186.968	429
187.018	422
187.069	419
187.119	421
187.169	426
187.219	438
187.269	445
187.319	462
187.370	475
187.420	497
187.470	515
187.520	525
187.570	546
187.620	553
187.671	566
187.721	573
187.772	565
187.822	573
187.872	565
187.923	547
187.973	544
188.023	525
188.073	509
188.123	493
188.173	472
188.224	458
188.274	444
188.324	432
188.374	423
188.424	423
188.474	416
188.525	422
188.575	430
188.625	441
188.676	455
188.726	469
188.777	489
188.827	505
188.877	524
188.927	541
188.977	545
189.027	566
189.078	571
189.128	569
189.178	576
189.228	556
189.278	563
189.328	550
189.379	528
189.429	518
189.479	499
189.529	478
189.580	464
189.631	454
189.681	432
189.731	424
189.781	419
189.831	415
189.881	418
189.932	424
189.982	434
190.032	447
190.082	464
190.132	481
190.183	495
190.233	519
190.283	535
190.333	546
190.383	564
190.433	560
190.485	581
190.535	579
190.585	565
190.635	568
190.685	555
190.735	538
190.786	526
190.836	501
190.886	487
190.936	469
190.986	450
191.037	436
191.087	426
191.137	416
191.187	412
191.237	416
191.287	417
191.338	428
191.389	441
191.439	457
191.489	475
191.539	491
191.589	514
191.640	524
191.690	550
191.740	562
191.790	565
191.840	581
191.891	580
191.941	577
191.991	575
192.041	551
192.091	549
192.141	532
192.192	508
192.242	493
192.293	474
192.343	452
192.393	438
192.444	426
192.494	414
192.544	410
192.594	410
192.644	413
192.694	423
192.745	432
192.795	450
192.845	465
192.895	488
192.945	509
192.995	523
193.046	547
193.096	557
193.146	571
193.197	583
193.247	572
193.298	586
193.348	579
193.398	561
193.448	556
193.498	536
193.548	517
193.599	500
193.649	475
193.699	458
193.749	441
193.799	426
193.849	414
193.900	411
193.950	402
194.000	408
194.050	418
194.101	427
194.152	443
194.202	460
194.252	482
194.302	501
194.352	522
194.402	543
194.453	551
194.503	574
194.553	582
194.603	580
194.653	590
194.703	578
194.754	575
194.804	563
194.854	536
194.904	526
194.954	505
195.006	480
195.056	463
195.106	446
195.156	425
195.206	415
195.256	409
195.307	402
195.357	405
195.407	410
195.457	421
195.507	439
195.557	453
195.608	475
195.658	493
195.708	519
195.758	538
195.808	552
195.859	572
195.910	569
195.960	591
196.010	592
196.060	576
196.110	582
196.161	567
196.211	546
196.261	533
196.311	506
196.361	488
196.412	468
196.462	447
196.512	429
196.562	417
196.612	406
196.662	400
196.713	415
196.764	402
196.814	416
196.864	433
196.914	449
196.964	469
197.015	488
197.065	514
197.115	525
197.165	555
197.215	571
197.266	572
197.316	592
197.366	592
197.416	587
197.466	586
197.516	560
197.567	559
197.617	538
197.668	511
197.718	495
197.768	472
197.818	449
197.869	431
197.919	419
197.969	402
198.019	399
198.069	402
198.120	401
198.170	413
198.220	425
198.270	443
198.320	461
198.370	486
198.421	509
198.471	524
198.521	552
198.572	567
198.622	577
198.672	592
198.723	584
198.773	596
198.823	589
198.873	569
198.923	563
198.974	542
199.024	519
199.074	500
199.124	474
199.174	454
199.224	434
199.275	418
199.325	405
199.375	401
199.425	395
199.476	399
199.527	411
199.577	420
199.627	438
199.677	457
199.727	481
199.777	504
199.828	526
199.878	550
199.928	557
199.978	582
200.028	591
200.078	587
200.129	599
200.179	588
200.229	580
200.279	568
200.329	539
200.381	528
200.431	504
200.481	478
200.531	457
200.581	439
200.631	416
200.682	405
200.732	402
200.782	394
200.832	397
200.882	405
200.932	416
200.983	436
201.033	452
201.083	477
201.133	494
201.183	524
201.234	545
201.285	557
201.335	582
201.385	586
201.435	597
201.485	600
201.536	582
201.586	587
201.636	571
201.686	548
201.736	532
201.786	506
201.837	483
201.887	461
201.937	439
201.987	420
202.037	407
202.088	398
202.138	392
202.189	399
202.239	398
202.289	412
202.339	430
202.390	449
202.440	472
202.490	493
202.540	521
202.590	538
202.640	563
202.691	580
202.741	581
202.791	600
202.841	601
202.891	592
202.942	591
202.992	558
203.042	558
203.093	537
203.143	507
203.193	489
203.244	465
203.294	441
203.344	422
203.394	419
203.444	392
203.495	391
203.545	394
203.595	397
203.645	409
203.695	424
203.745	444
203.796	469
203.846	491
203.896	516
203.946	534
203.997	562
204.047	578
204.098	585
204.148	602
204.198	585
204.248	605
204.298	594
204.349	568
204.399	563
204.449	540
204.499	513
204.549	493
204.599	470
204.650	442
204.700	424
204.750	410
204.800	395
204.851	391
204.901	388
204.952	393
205.002	415
205.052	418
205.102	439
205.152	461
205.203	488
205.253	513
205.303	534
205.353	561
205.403	566
205.453	595
205.504	602
205.554	595
205.604	605
205.654	594
205.704	579
205.756	567
205.806	534
205.856	522
205.906	496
205.956	468
206.006	446
206.057	426
206.107	407
206.157	394
206.207	392
206.257	384
206.307	390
206.358	403
206.408	416
206.458	438
206.508	458
206.558	485
206.608	505
206.660	537
206.710	559
206.760	569
206.810	594
206.860	599
206.911	603
206.961	608
207.011	586
207.061	588
207.111	570
207.161	541
207.212	525
207.262	497
207.312	470
207.362	447
207.412	426
207.463	406
207.513	393
207.564	389
207.614	382
207.664	391
207.714	394
207.765	413
207.815	434
207.865	456
207.915	482
207.965	505
208.015	535
208.066	555
208.116	578
208.166	595
208.216	596
208.266	611
208.317	610
208.367	595
208.417	593
208.468	568
208.518	550
208.568	529
208.619	497
208.669	474
208.719	450
208.769	426
208.819	406
208.869	397
208.920	384
208.970	381
209.020	389
209.070	394
209.120	410
209.171	429
209.221	452
209.271	479
209.321	505
209.372	533
209.422	546
209.473	579
209.523	592
209.573	598
209.623	612
209.673	602
209.724	607
209.774	595
209.824	563
209.874	556
209.924	531
209.974	501
210.025	479
210.075	456
210.125	425
210.175	408
210.225	398
210.276	384
210.327	382
210.377	384
210.427	391
210.477	419
210.527	422
210.578	450
210.628	473
210.678	503
210.728	528
210.778	549
210.828	576
210.879	576
210.929	607
210.979	611
211.029	598
211.079	608
211.129	595
211.181	573
211.231	559
211.281	526
211.331	508
211.381	481
211.432	453
211.482	431
211.532	412
211.582	395
211.632	385
211.682	387
211.733	380
211.783	390
211.833	406
211.883	423
211.933	447
211.983	471
212.034	500
212.085	517
212.135	553
212.185	574
212.235	580
212.286	605
212.336	608
212.386	607
212.436	609
212.486	585
212.536	583
212.587	561
212.637	531
212.687	512
212.737	484
212.787	456
212.837	433
212.888	415
212.938	396
212.989	386
213.039	384
213.089	382
213.140	391
213.190	403
213.240	421
213.290	444
213.340	470
213.390	498
213.441	519
213.491	550
213.541	569
213.591	587
213.641	604
213.692	596
213.742	614
213.792	609
213.842	588
213.893	584
213.943	560
213.994	537
214.044	514
214.094	482
214.144	460
214.194	435
214.244	416
214.295	396
214.345	389
214.395	380
214.445	381
214.495	393
214.546	401
214.596	420
214.646	442
214.696	468
214.747	494
214.797	520
214.848	548
214.898	557
214.948	589
214.998	602
215.048	601
215.098	614
215.149	606
215.199	599
215.249	586
215.299	555
215.349	543
215.400	516
215.450	486
215.500	462
215.550	439
215.600	412
215.651	398
215.702	391
215.752	380
215.802	381
215.852	389
215.902	398
215.952	421
216.003	438
216.053	465
216.103	489
216.153	520
216.203	545
216.254	562
216.304	590
216.354	594
216.404	611
216.454	614
216.504	598
216.556	604
216.606	587
216.656	562
216.706	545
216.756	516
216.807	490
216.857	464
216.907	439
216.957	416
217.007	400
217.057	388
217.108	380
217.158	403
217.208	384
217.258	398
217.308	416
217.358	438
217.409	463
217.460	487
217.510	518
217.560	531
217.610	569
217.661	588
217.711	587
217.761	612
217.811	612
217.861	605
217.911	605
217.962	576
218.012	571
218.062	547
218.112	514
218.162	494
218.212	466
218.263	440
218.313	418
218.364	413
218.414	384
218.464	380
218.515	384
218.565	384
218.615	397
218.665	412
218.715	435
218.765	459
218.816	488
218.866	516
218.916	536
218.966	567
219.016	585
219.066	595
219.117	612
219.167	601
219.217	615
219.268	606
219.318	580
219.369	573
219.419	547
219.469	520
219.519	495
219.569	466
219.619	441
219.670	419
219.720	402
219.770	386
219.820	383
219.870	377
219.920	382
219.971	400
220.021	411
220.071	434
220.121	457
220.172	486
220.223	513
220.273	537
220.323	565
220.373	571
220.423	601
220.473	610
220.524	604
220.574	615
220.624	602
220.674	590
220.724	575
220.775	541
220.825	527
220.875	499
220.925	469
220.975	446
221.025	425
221.077	402
221.127	389
221.177	386
221.227	379
221.277	384
221.327	396
221.378	410
221.428	433
221.478	453
221.528	482
221.578	504
221.629	536
221.679	560
221.729	573
221.779	598
221.829	603
221.879	611
221.930	613
221.981	594
222.031	594
222.081	575
222.131	546
222.181	530
222.232	501
222.282	474
222.332	450
222.382	428
222.432	407
222.483	394
222.533	386
222.583	381
222.633	390
222.683	392
222.733	410
222.784	431
222.834	452
222.885	478
222.935	501
222.985	532
223.036	551
223.086	575
223.136	593
223.186	590
223.236	611
223.286	609
223.337	596
223.387	594
223.437	569
223.487	556
223.537	533
223.587	500
223.638	480
223.688	455
223.738	431
223.789	411
223.839	404
223.890	385
223.940	385
223.990	390
224.040	394
224.090	410
224.140	427
224.191	449
224.241	475
224.291	500
224.341	527
224.391	543
224.441	572
224.492	585
224.542	592
224.592	607
224.642	584
224.693	605
224.744	593
224.794	568
224.844	558
224.894	535
224.944	506
224.994	485
225.045	463
225.095	434
225.145	417
225.195	405
225.245	391
225.295	391
225.346	388
225.396	395
225.446	411
225.496	424
225.546	447
225.598	468
225.648	496
225.698	520
225.748	541
225.798	567
225.848	570
225.899	597
225.949	603
225.999	593
226.049	603
226.099	590
226.149	573
226.200	561
226.250	529
226.300	514
226.350	489
226.400	462
226.451	441
226.502	423
226.552	406
226.602	395
226.652	396
226.702	388
226.753	396
226.803	410
226.853	424
226.903	446
226.953	465
227.004	492
227.054	511
227.104	541
227.154	561
227.204	569
227.254	593
227.305	596
227.356	599
227.406	602
227.456	581
227.506	581
227.556	562
227.607	535
227.657	518
227.707	493
227.757	466
227.807	446
227.858	427
227.908	409
227.958	398
228.008	393
228.058	390
228.108	398
228.159	405
228.209	421
228.260	441
228.310	463
228.360	488
228.410	507
228.461	536
228.511	553
228.561	572
228.611	589
228.661	583
228.712	603
228.762	600
228.812	585
228.862	583
228.912	561
228.962	543
229.013	522
229.063	493
229.113	474
229.164	450
229.214	429
229.264	412
229.315	403
229.365	392
229.415	391
229.465	398
229.515	404
229.566	419
229.616	436
229.666	459
229.716	482
229.766	505
229.816	531
229.867	544
229.917	572
229.967	585
230.017	590
230.068	603
230.119	596
230.169	596
230.219	585
230.269	558
230.319	549
230.369	526
230.420	499
230.470	478
230.520	457
230.570	430
230.620	415
230.670	406
230.721	393
230.771	392
230.821	394
230.871	401
230.921	431
230.973	432
231.023	454
231.073	475
231.123	503
231.173	526
231.223	543
231.274	570
231.324	566
231.374	597
231.424	602
231.474	591
231.524	599
231.575	586
231.625	567
231.675	553
231.725	523
231.775	507
231.826	482
231.877	457
231.927	436
231.977	418
232.027	402
232.077	394
232.128	403
232.178	387
232.228	399
232.278	414
232.328	429
232.378	450
232.429	472
232.479	498
232.529	516
232.579	547
232.629	567
232.680	572
232.730	596
232.781	599
232.831	598
232.881	601
232.931	576
232.982	577
233.032	557
233.082	527
233.132	511
233.182	486
233.232	460
233.283	439
233.333	422
233.383	402
233.433	395
233.483	393
233.534	389
233.584	398
233.634	408
233.685	425
233.735	446
233.785	469
233.836	494
233.886	514
233.936	543
233.986	561
234.036	576
234.087	594
234.137	585
234.187	605
234.237	601
234.287	583
234.337	580
234.388	558
234.438	536
234.488	516
234.538	486
234.589	467
234.639	443
234.690	424
234.740	406
234.790	398
234.840	389
234.890	389
234.941	398
234.991	405
235.041	422
235.091	441
235.141	464
235.191	488
235.242	512
235.292	538
235.342	548
235.392	578
235.443	591
235.493	590
235.544	604
235.594	597
235.644	591
235.694	582
235.744	553
235.795	544
235.845	521
235.895	492
235.945	472
235.995	450
236.045	425
236.096	410
236.146	402
236.196	391
236.246	391
236.296	396
236.348	403
236.398	421
236.448	436
236.498	460
236.548	480
236.598	509
236.649	532
236.699	548
236.749	573
236.799	581
236.849	595
236.899	603
236.950	590
237.000	596
237.050	583
237.100	560
237.150	548
237.200	522
237.252	499
237.302	477
237.352	452
237.402	432
237.452	415
237.503	402
237.553	394
237.603	395
237.653	392
237.703	403
237.753	418
237.804	434
237.854	456
237.904	476
237.954	504
238.004	524
238.055	550
238.105	569
238.156	574
238.206	596
238.256	599
238.306	592
238.357	597
238.407	572
238.457	571
238.507	551
238.557	521
238.607	506
238.658	481
238.708	456
238.758	435
238.808	429
238.858	400
238.909	395
238.959	395
239.009	393
239.060	402
239.110	413
239.160	431
239.211	457
239.261	473
239.311	500
239.361	515
239.411	547
239.461	564
239.512	575
239.562	594
239.612	584
239.662	605
239.712	598
239.763	575
239.813	574
239.863	553
239.913	529
239.964	510
240.014	483
240.065	460
240.115	439
240.165	420
240.215	405
240.265	398
240.316	390
240.366	391
240.416	403
240.466	409
240.516	427
240.566	447
240.617	471
240.667	495
240.717	517
240.767	543
240.817	552
240.868	581
240.919	593
240.969	588
241.019	604
241.069	596
241.119	587
241.170	577
241.220	547
241.270	537
241.320	514
241.370	485
241.420	464
241.471	443
241.521	420
241.571	406
241.621	400
241.671	389
241.721	390
241.773	397
241.823	406
241.873	425
241.923	442
241.973	467
242.024	488
242.074	517
242.124	540
242.174	553
242.224	581
242.274	589
242.325	599
242.375	605
242.425	589
242.475	595
242.525	580
242.575	553
242.626	542
242.677	516
242.727	490
242.777	467
242.827	444
242.878	423
242.928	407
242.978	397
243.028	388
243.078	393
243.128	390
243.179	403
243.229	421
243.279	439
243.329	463
243.379	483
243.429	513
243.480	533
243.530	557
243.581	578
243.631	583
243.681	602
243.732	604
243.782	595
243.832	598
243.882	577
243.932	566
243.982	546
244.033	515
244.083	497
244.133	472
244.183	448
244.233	427
244.284	414
244.334	394
244.384	389
244.434	391
244.485	390
244.535	402
244.586	416
244.636	435
244.686	459
244.736	481
244.786	508
244.836	525
244.887	556
244.937	574
244.987	582
245.037	600
245.087	587
245.138	606
245.188	599
245.238	575
245.288	571
245.339	549
245.389	522
245.440	502
245.490	482
245.540	450
245.590	430
245.640	414
245.690	398
245.741	391
245.791	387
245.841	389
245.891	415
245.941	409
245.992	432
246.042	452
246.092	478
246.142	504
246.192	525
246.243	552
246.294	554
246.344	589
246.394	599
246.444	591
246.494	607
246.544	599
246.595	584
246.645	574
246.695	544
246.745	531
246.795	506
246.846	477
246.896	456
246.946	434
246.996	413
247.046	399
247.096	399
247.148	384
247.198	389
247.248	400
247.298	410
247.348	429
247.399	448
247.449	474
247.499	494
247.549	525
247.599	548
247.649	559
247.700	586
247.750	594
247.800	599
247.850	606
247.900	589
247.950	593
248.001	576
248.052	549
248.102	535
248.152	509
248.202	483
248.253	460
248.303	438
248.353	418
248.403	402
248.453	395
248.503	387
248.554	391
248.604	394
248.654	408
248.704	427
248.754	446
248.804	470
248.855	490
248.905	520
248.956	541
249.006	561
249.056	583
249.107	583
249.157	602
249.207	604
249.257	593
249.307	593
249.357	574
249.408	558
249.458	539
249.508	507
249.558	489
249.608	465
249.658	441
249.709	421
249.759	409
249.809	392
249.860	389
249.910	393
249.961	394
250.011	406
250.061	422
250.111	443
250.161	466
250.211	489
250.262	516
250.312	530
250.362	562
250.412	579
250.462	584
250.512	603
250.563	598
250.613	602
250.663	596
250.713	568
250.764	564
250.815	541
250.865	513
250.915	493
250.965	468
251.015	442
251.065	423
251.116	410
251.166	394
251.216	390
251.266	389
251.316	392
251.367	407
251.417	416
251.467	439
251.517	460
251.567	487
251.617	512
251.669	533
251.719	560
251.769	570
251.819	593
251.869	602
251.919	589
251.970	605
252.020	596
252.070	577
252.120	567
252.170	535
252.221	522
252.271	496
252.321	469
252.371	447
252.421	427
252.471	408
252.522	395
252.573	405
252.623	384
252.673	391
252.723	404
252.773	416
252.824	436
252.874	456
252.924	484
252.974	504
253.024	535
253.075	557
253.125	564
253.175	592
253.225	599
253.275	599
253.325	607
253.376	584
253.426	589
253.477	570
253.527	539
253.577	526
253.628	500
253.678	473
253.728	451
253.778	431
253.828	408
253.878	397
253.929	392
253.979	386
254.029	391
254.079	398
254.129	413
254.179	433
254.230	453
254.280	479
254.330	499
254.381	530
254.431	551
254.482	569
254.532	589
254.582	586
254.632	607
254.682	606
254.732	590
254.783	590
254.833	571
254.883	549
254.933	530
254.983	499
255.033	480
255.084	455
255.134	432
255.184	413
255.234	402
255.285	388
255.336	386
255.386	394
255.436	396
255.486	411
255.536	429
255.586	450
255.637	475
255.687	499
255.737	526
255.787	540
255.837	570
255.887	585
255.938	587
255.988	605
256.038	600
256.088	599
256.138	592
256.190	563
256.240	557
256.290	534
256.340	505
256.390	485
256.440	461
256.491	435
256.541	417
256.591	406
256.641	392
256.691	389
256.741	391
256.792	395
256.842	412
256.892	424
256.942	447
256.992	467
257.043	495
257.094	520
257.144	537
257.194	565
257.244	576
257.294	593
257.345	602
257.395	590
257.445	602
257.495	592
257.545	569
257.596	560
257.646	535
257.696	513
257.746	491
257.796	463
257.846	442
257.897	423
257.948	408
257.998	395
258.048	395
258.098	388
258.148	396
258.199	409
258.249	422
258.299	444
258.349	464
258.399	490
258.450	512
258.500	538
258.550	560
258.600	566
258.650	591
258.700	597
258.751	595
258.801	602
258.852	585
258.902	581
258.952	563
259.002	533
259.053	520
259.103	494
259.153	469
259.203	447
259.253	437
259.304	406
259.354	399
259.404	396
259.454	391
259.504	397
259.554	406
259.605	420
259.655	447
259.705	460
259.756	485
259.806	504
259.856	534
259.907	554
259.957	567
260.007	588
260.057	578
260.107	605
260.158	601
260.208	582
260.258	583
260.308	564
260.358	542
260.408	524
260.459	495
260.509	474
260.559	452
260.609	432
260.660	413
260.711	402
260.761	394
260.811	391
260.861	399
260.911	401
260.961	417
261.012	436
261.062	457
261.112	481
261.162	502
261.212	530
261.262	540
261.313	571
261.363	585
261.413	586
261.463	601
261.513	597
261.565	591
261.615	586
261.665	558
261.715	551
261.765	528
261.815	499
261.866	480
261.916	457
261.966	433
262.016	417
262.066	406
262.116	395
262.167	393
262.217	395
262.267	401
262.317	417
262.367	430
262.418	453
262.469	472
262.519	501
262.569	524
262.619	541
262.669	566
262.720	577
262.770	590
262.820	600
262.870	587
262.920	597
262.970	586
263.021	564
263.071	554
263.121	530
263.171	506
263.221	485
263.272	460
263.322	439
263.373	421
263.423	408
263.473	397
263.523	397
263.574	392
263.624	400
263.674	414
263.724	428
263.774	449
263.824	468
263.875	496
263.925	517
263.975	540
264.025	562
264.075	564
264.126	591
264.176	597
264.226	592
264.277	598
264.327	585
264.377	574
264.428	558
264.478	529
264.528	514
264.578	490
264.628	464
264.679	444
264.729	427
264.779	406
264.829	399
264.879	397
264.929	392
264.980	399
265.030	409
265.080	425
265.130	446
265.181	464
265.231	490
265.282	508
265.332	538
265.382	557
265.432	567
265.482	589
265.533	589
265.583	601
265.633	599
265.683	580
265.733	580
265.783	560
265.834	536
265.884	519
265.934	493
265.984	469
266.035	448
266.085	429
266.136	412
266.186	401
266.236	396
266.286	392
266.336	403
266.387	404
266.437	421
266.487	440
266.537	462
266.587	485
266.637	506
266.688	534
266.738	540
266.788	574
266.838	586
266.888	584
266.940	601
266.990	598
267.040	587
267.090	582
267.140	551
267.190	547
267.241	524
267.291	494
267.341	476
267.391	454
267.441	432
267.491	416
267.542	413
267.592	392
267.642	393
267.692	397
267.742	404
267.792	419
267.844	434
267.894	457
267.944	479
267.994	504
268.044	527
268.095	540
268.145	568
268.195	581
268.245	587
268.295	600
268.345	586
268.396	597
268.446	584
268.496	560
268.546	551
268.596	528
268.647	501
268.697	482
268.748	457
268.798	436
268.848	419
268.898	408
268.949	397
268.999	395
269.049	394
269.099	402
269.149	418
269.199	432
269.250	453
269.300	472
269.350	499
269.400	521
269.450	541
269.501	564
269.551	569
269.601	591
269.652	597
269.702	589
269.752	596
269.803	582
269.853	569
269.903	555
269.953	525
270.003	511
270.053	487
270.104	462
270.154	442
270.204	425
270.254	408
270.304	399
270.355	398
270.405	395
270.455	401
270.505	414
270.556	428
