#Creator: pendulumdriveEventBuffer
#Creation time: Fri Apr  7 15:31:08 2017
#Time	Pos
#[s]	[au]
0.050	518
0.100	531
0.151	530
0.201	540
0.252	539
0.302	531
0.352	533
0.402	521
0.452	512
0.502	506
0.553	491
0.603	483
0.653	474
0.703	463
0.753	458
0.804	452
0.854	450
0.904	452
0.954	454
1.004	460
1.055	469
1.106	476
1.156	488
1.206	494
1.256	504
1.306	516
1.356	519
1.407	530
1.457	531
1.507	528
1.557	533
1.607	522
1.658	520
1.708	516
1.758	503
1.808	499
1.858	490
1.908	479
1.960	475
2.010	467
2.060	464
2.110	463
2.160	461
2.211	463
2.261	467
2.311	469
2.361	478
2.411	480
2.461	488
2.512	497
2.562	499
2.612	509
2.662	511
2.712	512
2.762	519
2.813	514
2.864	516
2.914	518
2.964	509
3.014	512
3.065	505
3.115	499
3.165	498
3.215	489
3.265	486
3.315	484
3.366	478
3.416	478
3.466	475
3.516	472
3.566	474
3.616	472
3.667	474
3.717	478
3.768	478
3.818	484
3.868	487
3.919	489
3.969	498
4.019	498
4.069	505
4.119	511
4.169	509
4.220	517
4.270	514
4.320	514
4.370	519
4.420	511
4.470	511
4.521	508
4.571	498
4.621	497
4.672	488
4.722	481
4.773	478
4.823	469
4.873	466
4.923	465
4.973	462
5.023	464
5.074	467
5.124	468
5.174	477
5.224	480
5.274	490
5.324	499
5.375	503
5.425	516
5.475	516
5.525	522
5.576	530
5.627	525
5.677	529
5.727	526
5.777	515
5.827	514
5.877	501
5.928	493
5.978	487
6.028	474
6.078	468
6.128	463
6.179	456
6.229	456
6.279	455
6.329	457
6.379	464
6.429	468
6.481	477
6.531	488
6.581	494
6.631	507
6.681	510
6.731	520
6.782	528
6.832	525
6.882	532
6.932	529
6.982	522
7.033	521
7.083	509
7.133	503
7.183	497
7.233	485
7.283	480
7.334	474
7.385	465
7.435	464
7.485	461
7.535	461
7.585	464
7.636	466
7.686	472
7.736	479
7.786	483
7.836	494
7.887	496
7.937	503
7.987	511
8.037	511
8.087	519
8.137	518
8.188	515
8.238	520
8.289	511
8.339	511
8.389	509
8.440	500
8.490	500
8.540	494
8.590	487
8.640	486
8.690	479
8.741	476
8.791	476
8.841	471
8.891	473
8.941	473
8.991	472
9.042	476
9.092	476
9.142	480
9.193	487
9.243	488
9.294	496
9.344	500
9.394	501
9.444	510
9.494	509
9.544	515
9.595	519
9.645	514
9.695	520
9.745	515
9.795	510
9.845	509
9.896	499
9.946	494
9.996	489
10.046	480
10.097	476
10.148	473
10.198	464
10.248	464
10.298	461
10.348	463
10.398	468
10.449	470
10.499	479
10.549	485
10.599	492
10.649	504
10.699	507
10.750	516
10.800	523
10.850	521
10.900	530
10.950	522
11.002	521
11.052	522
11.102	510
11.152	506
11.202	499
11.252	487
11.303	482
11.353	475
11.403	466
11.453	464
11.503	460
11.553	459
11.604	463
11.654	465
11.704	472
11.754	477
11.804	483
11.855	494
11.906	497
11.956	506
12.006	514
12.056	514
12.106	522
12.157	517
12.207	519
12.257	521
12.307	511
12.357	511
12.408	507
12.458	498
12.508	496
12.558	486
12.608	482
12.658	481
12.709	474
12.760	473
12.810	473
12.860	470
12.910	474
12.960	472
13.011	475
13.061	480
13.111	481
13.161	487
13.211	492
13.262	492
13.312	501
13.362	500
13.412	505
13.462	512
13.512	509
13.563	516
13.613	516
13.664	511
13.714	515
13.764	508
13.814	505
13.865	504
13.915	495
13.965	492
14.015	487
14.065	478
14.116	475
14.166	469
14.216	466
14.266	466
14.316	464
14.366	466
14.417	471
14.467	473
14.517	483
14.568	487
14.618	494
14.668	505
14.719	507
14.769	518
14.819	521
14.869	521
14.919	528
14.970	521
15.020	520
15.070	519
15.120	508
15.170	505
15.220	496
15.271	485
15.321	480
15.371	471
15.421	465
15.472	464
15.523	460
15.573	461
15.623	465
15.673	467
15.723	475
15.773	479
15.824	488
15.874	497
15.924	499
15.974	511
16.024	514
16.074	515
16.125	522
16.175	516
16.225	519
16.275	518
16.325	509
16.377	510
16.427	503
16.477	494
16.527	493
16.577	484
16.627	481
16.678	479
16.728	474
16.778	474
16.828	474
16.878	472
16.928	475
16.979	474
17.029	478
17.079	483
17.129	484
17.179	491
17.230	492
17.281	495
17.331	502
17.381	501
17.431	507
17.481	511
17.532	507
17.582	514
17.632	509
17.682	508
17.732	512
17.782	504
17.833	504
17.883	501
17.933	493
17.983	492
18.033	485
18.084	479
18.134	477
18.185	470
18.235	469
18.285	470
18.335	467
18.386	472
18.436	475
18.486	476
18.536	485
18.586	487
18.636	496
18.687	504
18.737	506
18.787	517
18.837	515
18.887	519
18.938	525
18.988	518
19.038	520
19.089	516
19.139	506
19.189	504
19.240	493
19.290	485
19.340	480
19.390	470
19.440	466
19.491	464
19.541	461
19.591	463
19.641	464
19.691	468
19.741	476
19.792	480
19.842	489
19.892	498
19.942	501
19.993	513
20.043	512
20.094	517
20.144	523
20.194	518
20.244	521
20.294	518
20.345	509
20.395	509
20.445	498
20.495	494
20.545	490
20.595	481
20.646	477
20.696	475
20.746	470
20.796	472
20.847	470
20.897	471
20.948	476
20.998	476
21.048	482
21.098	487
21.148	489
21.199	496
21.249	495
21.299	500
21.349	506
21.399	503
21.449	511
21.500	511
21.550	506
21.600	512
21.650	505
21.700	505
21.752	507
21.802	500
21.852	500
21.902	497
21.952	489
22.002	490
22.053	482
22.103	479
22.153	479
22.203	474
22.253	473
22.303	474
22.354	471
22.404	476
22.454	476
22.504	479
22.554	487
22.604	489
22.656	497
22.706	502
22.756	505
22.806	514
22.856	513
22.907	517
22.957	522
23.007	515
23.057	519
23.107	513
23.157	506
23.208	504
23.258	492
23.308	487
23.358	482
23.408	473
23.459	470
23.509	467
23.560	462
23.610	464
23.660	464
23.710	468
23.761	476
23.811	479
23.861	490
23.911	496
23.961	500
24.011	512
24.062	512
24.112	519
24.162	524
24.212	519
24.262	524
24.313	516
24.363	511
24.413	510
24.464	498
24.514	493
24.564	489
24.615	480
24.665	477
24.715	473
24.765	468
24.815	469
24.865	468
24.916	470
24.966	475
25.016	477
25.066	484
25.116	488
25.167	492
25.217	500
25.267	498
25.317	506
25.368	510
25.418	507
25.469	513
25.519	507
25.569	508
25.619	510
25.669	503
25.720	503
25.770	502
25.820	495
25.870	496
25.920	490
25.970	486
26.021	487
26.071	481
26.121	480
26.171	480
26.221	476
26.272	478
26.323	475
26.373	477
26.423	481
26.473	480
26.523	485
26.574	490
26.624	490
26.674	499
26.724	499
26.774	504
26.824	511
26.875	509
26.925	515
26.975	515
27.025	512
27.075	515
27.125	507
27.177	504
27.227	503
27.277	493
27.327	489
27.377	484
27.428	476
27.478	473
27.528	467
27.578	465
27.628	467
27.678	465
27.729	469
27.779	476
27.829	479
27.879	489
27.929	492
27.979	500
28.030	510
28.081	510
28.131	520
28.181	522
28.231	520
28.282	525
28.332	516
28.382	514
28.432	511
28.482	500
28.532	496
28.583	489
28.633	480
28.683	476
28.733	469
28.783	466
28.833	466
28.884	464
28.934	467
28.985	472
29.035	475
29.085	483
29.136	487
29.186	494
29.236	503
29.286	503
29.336	512
29.386	515
29.437	513
29.487	519
29.537	512
29.587	512
29.637	512
29.688	503
29.738	503
29.788	497
29.838	490
29.889	489
29.939	481
29.990	480
30.040	480
30.090	475
30.140	477
30.190	477
30.240	476
30.291	480
30.341	480
30.391	482
30.441	487
30.491	487
30.542	493
30.592	495
30.642	496
30.692	503
30.743	501
30.793	505
30.844	510
30.894	507
30.944	512
30.994	510
31.044	506
31.094	509
31.145	501
31.195	499
31.245	498
31.295	489
31.345	488
31.396	483
31.446	476
31.496	475
31.546	470
31.596	469
31.647	471
31.698	470
31.748	475
31.798	481
31.848	483
31.898	492
31.948	494
31.999	503
32.049	510
32.099	511
32.149	520
32.199	516
32.250	518
32.300	521
32.350	513
32.400	511
32.450	507
32.500	496
32.552	494
32.602	485
32.652	478
32.702	475
32.752	468
32.803	467
32.853	468
32.903	467
32.953	473
33.003	476
33.053	479
33.104	487
33.154	490
33.204	499
33.254	505
33.304	505
33.354	514
33.405	511
33.456	513
33.506	517
33.556	510
33.606	511
33.657	507
33.707	499
33.757	499
33.807	492
33.857	487
33.907	486
33.958	480
34.008	479
34.058	478
34.108	476
34.158	480
34.208	478
34.259	480
34.309	485
34.360	484
34.410	488
34.460	492
34.511	491
34.561	497
34.611	495
34.661	498
34.711	503
34.761	500
34.812	505
34.862	505
34.912	502
34.962	507
35.012	501
35.062	502
35.113	503
35.163	497
35.213	499
35.264	496
35.314	490
35.365	490
35.415	483
35.465	481
35.515	481
35.565	476
35.615	476
35.666	477
35.716	475
35.766	479
35.816	478
35.866	482
35.916	488
35.967	489
36.017	497
36.067	502
36.117	503
36.168	512
36.219	511
36.269	515
36.319	519
36.369	513
36.419	518
36.469	511
36.520	504
36.570	503
36.620	493
36.670	487
36.720	483
36.771	475
36.821	471
36.871	468
36.921	464
36.971	465
37.021	465
37.073	469
37.123	475
37.173	479
37.223	489
37.273	496
37.323	501
37.374	512
37.424	512
37.474	519
37.524	525
37.574	520
37.625	525
37.675	520
37.725	514
37.775	511
37.825	499
37.875	494
37.926	488
37.977	478
38.027	474
38.077	471
38.127	464
38.177	465
38.228	464
38.278	466
38.328	472
38.378	475
38.428	484
38.479	489
38.529	494
38.579	504
38.629	505
38.679	512
38.729	517
38.780	514
38.830	520
38.881	513
38.931	512
38.981	512
39.032	502
39.082	500
39.132	496
39.182	487
39.232	486
39.282	479
39.333	477
39.383	477
39.433	474
39.483	475
39.533	478
39.583	477
39.634	483
39.684	483
39.734	486
39.785	493
39.835	492
39.886	497
39.936	501
39.986	498
40.036	505
40.086	501
40.136	503
40.187	506
40.237	502
40.287	504
40.337	504
40.387	499
40.437	502
40.488	495
40.538	495
40.588	496
40.638	489
40.689	489
40.740	488
40.790	483
40.840	485
40.890	480
40.940	478
40.990	481
41.041	477
41.091	480
41.141	482
41.191	482
41.241	488
41.291	488
41.342	493
41.392	500
41.442	500
41.492	508
41.542	511
41.594	509
41.644	516
41.694	510
41.744	511
41.794	512
41.844	504
41.895	503
41.945	497
41.995	488
42.045	486
42.095	477
42.145	473
42.196	472
42.246	467
42.296	467
42.346	470
42.396	470
42.447	477
42.498	480
42.548	487
42.598	496
42.648	499
42.698	509
42.749	513
42.799	514
42.849	522
42.899	517
42.949	520
43.000	520
43.050	510
43.100	509
43.150	502
43.200	492
43.250	489
43.301	480
43.352	474
43.402	471
43.452	466
43.502	466
43.552	468
43.603	468
43.653	474
43.703	476
43.753	483
43.803	492
43.854	494
43.904	504
43.954	508
44.004	509
44.054	516
44.104	513
44.155	515
44.205	517
44.256	509
44.306	510
44.356	504
44.406	497
44.457	496
44.507	487
44.557	485
44.607	484
44.657	479
44.708	480
44.758	479
44.808	476
44.858	480
44.908	479
44.958	481
45.009	486
45.059	485
45.109	491
45.160	493
45.210	493
45.260	499
45.311	496
45.361	501
45.411	504
45.461	500
45.511	507
45.562	503
45.612	503
45.662	506
45.712	501
45.762	502
45.812	502
45.863	496
45.913	498
45.963	493
46.013	488
46.064	488
46.115	481
46.165	480
46.215	479
46.265	475
46.315	477
46.365	477
46.416	475
46.466	482
46.516	481
46.566	486
46.616	493
46.666	494
46.717	504
46.767	503
46.817	509
46.867	517
46.917	513
46.969	518
47.019	518
47.069	511
47.119	513
47.169	503
47.219	499
47.270	496
47.320	486
47.370	481
47.420	476
47.470	469
47.520	468
47.571	465
47.621	464
47.671	468
47.721	470
47.771	476
47.822	484
47.873	488
47.923	499
47.973	502
48.023	509
48.073	519
48.124	517
48.174	524
48.224	525
48.274	519
48.324	521
48.374	510
48.425	507
48.475	502
48.525	491
48.575	486
48.625	479
48.676	470
48.726	469
48.777	464
48.827	463
48.877	466
48.927	467
48.978	472
49.028	479
49.078	483
49.128	493
49.178	497
49.228	504
49.279	513
49.329	513
49.379	521
49.429	521
49.479	517
49.530	520
49.580	511
49.630	509
49.681	506
49.731	495
49.781	491
49.832	487
49.882	478
49.932	477
49.982	472
50.032	470
50.083	472
50.133	471
50.183	475
50.233	479
50.283	481
50.333	489
50.384	490
50.434	496
50.484	502
50.534	502
50.585	509
50.635	510
50.686	507
50.736	512
50.786	504
50.836	504
50.886	504
50.937	498
50.987	498
51.037	495
51.087	489
51.137	491
51.187	485
51.238	485
51.288	486
51.338	482
51.388	486
51.439	486
51.489	484
51.540	488
51.590	486
51.640	488
51.690	491
51.740	488
51.791	493
51.841	493
51.891	491
51.941	496
51.991	493
52.041	496
52.092	500
52.142	496
52.192	502
52.242	502
52.292	499
52.344	504
52.394	499
52.444	501
52.494	502
52.544	496
52.594	498
52.645	494
52.695	489
52.745	489
52.795	482
52.845	481
52.895	481
52.946	477
52.996	479
53.046	479
53.096	478
53.146	484
53.196	484
53.248	489
53.298	496
53.348	496
53.398	505
53.448	504
53.499	509
53.549	515
53.599	510
53.649	514
53.699	514
53.749	506
53.800	507
53.850	499
53.900	493
53.950	490
54.000	481
54.051	478
54.101	475
54.152	470
54.202	470
54.252	471
54.302	471
54.353	477
54.403	477
54.453	485
54.503	492
54.553	496
54.603	505
54.654	505
54.704	510
54.754	518
54.804	514
54.854	519
54.905	518
54.955	510
55.005	510
55.056	500
55.106	496
55.156	493
55.207	483
55.257	480
55.307	477
55.357	471
55.407	472
55.457	470
55.508	472
55.558	477
55.608	478
55.658	486
55.708	491
55.759	494
55.809	501
55.859	501
55.909	506
55.960	512
56.010	508
56.061	513
56.111	512
56.161	506
56.211	507
56.261	498
56.312	497
56.362	496
56.412	488
56.462	488
56.512	486
56.562	481
56.613	483
56.663	480
56.713	481
56.763	484
56.813	483
56.864	487
56.915	489
56.965	488
57.015	494
57.065	492
57.115	494
57.166	498
57.216	495
57.266	499
57.316	499
57.366	496
57.416	500
57.467	496
57.517	497
57.567	500
57.617	496
57.667	500
57.717	499
57.769	496
57.819	499
57.869	494
57.919	494
57.969	495
58.020	489
58.070	491
58.120	487
58.170	484
58.220	486
58.270	481
58.321	481
58.371	483
58.421	480
58.471	485
58.521	486
58.571	487
58.622	493
58.673	492
58.723	498
58.773	504
58.823	503
58.874	510
58.924	510
58.974	509
59.024	513
59.074	507
59.124	507
59.175	505
59.225	497
59.275	497
59.325	490
59.375	483
59.425	481
59.476	475
59.526	472
59.577	472
59.627	470
59.677	474
59.728	477
59.778	478
59.828	487
59.878	488
59.928	496
59.978	505
60.029	505
60.079	514
60.129	512
60.179	515
60.229	520
60.280	513
60.330	514
60.380	510
60.430	501
60.481	499
60.531	491
60.582	484
60.632	480
60.682	474
60.732	470
60.782	471
60.832	468
60.883	472
60.933	475
60.983	477
61.033	485
61.083	487
61.134	495
61.184	502
61.234	502
61.284	512
61.335	509
61.385	513
61.436	517
61.486	511
61.536	512
61.586	509
61.636	501
61.686	500
61.737	491
61.787	488
61.837	486
61.887	480
61.937	478
61.988	479
62.038	476
62.088	479
62.138	478
62.188	482
62.239	487
62.290	486
62.340	492
62.390	496
62.440	496
62.490	502
62.540	499
62.591	502
62.641	505
62.691	500
62.741	503
62.791	502
62.842	498
62.892	500
62.942	495
62.992	494
63.042	496
63.092	491
63.144	493
63.194	492
63.244	489
63.294	492
63.344	487
63.395	488
63.445	490
63.495	486
63.545	489
63.595	489
63.645	486
63.696	489
63.746	485
63.796	487
63.846	490
63.896	487
63.946	493
63.997	495
64.048	494
64.098	500
64.148	498
64.198	501
64.249	506
64.299	502
64.349	507
64.399	506
64.449	502
64.499	505
64.550	497
64.600	496
64.650	494
64.700	487
64.750	486
64.800	482
64.851	477
64.901	478
64.952	474
65.002	475
65.052	478
65.103	478
65.153	485
65.203	489
65.253	491
65.303	500
65.353	501
65.404	507
65.454	513
65.504	510
65.554	518
65.604	515
65.654	511
65.705	512
65.755	503
65.805	501
65.856	497
65.906	488
65.957	485
66.007	479
66.057	473
66.107	473
66.157	470
66.207	469
66.258	473
66.308	474
66.358	481
66.408	485
66.458	489
66.508	499
66.559	500
66.609	507
66.659	513
66.709	512
66.760	518
66.811	512
66.861	512
66.911	514
66.961	504
67.011	502
67.061	498
67.112	490
67.162	488
67.212	482
67.262	477
67.312	477
67.363	473
67.413	474
67.463	477
67.513	477
67.563	484
67.613	485
67.665	488
67.715	496
67.765	495
67.815	502
67.865	505
67.915	503
67.966	508
68.016	504
68.066	504
68.116	506
68.166	500
68.217	501
68.267	499
68.317	493
68.367	495
68.417	489
68.467	489
68.518	490
68.569	486
68.619	488
68.669	488
68.719	485
68.769	489
68.820	485
68.870	486
68.920	489
68.970	486
69.020	489
69.071	491
69.121	488
69.171	492
69.221	490
69.271	492
69.321	497
69.372	495
69.422	500
69.473	501
69.523	499
69.573	505
69.624	502
69.674	503
69.724	506
69.774	500
69.824	502
69.874	499
69.925	493
69.975	493
70.025	486
70.075	483
70.125	482
70.175	477
70.226	478
70.276	478
70.326	476
70.377	480
70.427	480
70.478	483
70.528	491
70.578	492
70.628	500
70.678	505
70.728	506
70.779	514
70.829	510
70.879	514
70.929	516
70.979	510
71.029	512
71.080	506
71.130	498
71.180	496
71.230	487
71.281	482
71.332	479
71.382	473
71.432	471
71.482	471
71.532	469
71.582	472
71.633	474
71.683	480
71.733	487
71.783	490
71.833	500
71.883	504
71.934	507
71.984	516
72.034	514
72.084	518
72.134	520
72.186	514
72.236	516
72.286	509
72.336	501
72.386	498
72.436	489
72.487	483
72.537	480
72.587	473
72.637	472
72.687	470
72.737	469
72.788	473
72.838	474
72.888	478
72.938	485
72.988	488
73.039	498
73.090	500
73.140	505
73.190	512
73.240	509
73.290	514
73.341	517
73.391	511
73.441	513
73.491	505
73.541	501
73.592	500
73.642	490
73.692	488
73.742	485
73.792	479
73.842	480
73.893	478
73.944	477
73.994	480
74.044	479
74.094	482
74.144	488
74.195	487
74.245	495
74.295	495
74.345	497
74.395	503
74.446	500
74.496	504
74.546	505
74.596	501
74.646	504
74.696	498
74.747	497
74.797	499
74.848	492
74.898	493
74.948	494
74.998	489
75.049	492
75.099	490
75.149	488
75.199	492
75.249	488
75.300	490
75.350	492
75.400	489
75.450	492
75.500	488
75.550	489
75.601	492
75.651	488
75.701	490
75.752	492
75.802	488
75.852	494
75.903	491
75.953	493
76.003	498
76.053	496
76.103	500
76.154	503
76.204	500
76.254	505
76.304	500
76.354	501
76.404	502
76.455	496
76.505	497
76.555	494
76.605	488
76.656	488
76.707	482
76.757	480
76.807	481
76.857	477
76.907	479
76.957	481
77.008	481
77.058	488
77.108	487
77.158	493
77.208	500
77.258	500
77.309	507
77.359	510
77.409	508
77.459	514
77.509	508
77.561	508
77.611	508
77.661	500
77.711	498
77.761	494
77.811	486
77.862	485
77.912	478
77.962	476
78.012	477
78.062	474
78.112	476
78.163	479
78.213	480
78.263	487
78.313	488
78.363	495
78.414	501
78.465	502
78.515	509
78.565	510
78.615	508
78.665	513
78.716	507
78.766	507
78.816	506
78.866	498
78.916	497
78.966	492
79.017	486
79.067	486
79.117	480
79.167	480
79.217	481
79.268	479
79.318	482
79.369	484
79.419	484
79.469	491
79.519	490
79.570	494
79.620	500
79.670	497
79.720	503
79.770	502
79.820	500
79.871	504
79.921	498
79.971	498
80.021	499
80.071	494
80.122	496
80.172	493
80.222	491
80.273	492
80.323	489
80.373	490
80.424	493
80.474	489
80.524	493
80.574	491
80.624	492
80.675	494
80.725	490
80.775	492
80.825	492
80.875	489
80.925	492
80.976	490
81.026	488
81.076	492
81.126	489
81.177	492
81.227	494
81.278	493
81.328	498
81.378	497
81.428	499
81.478	504
81.529	500
81.579	503
81.629	504
81.679	499
81.729	501
81.779	495
81.830	493
81.880	493
81.930	486
81.980	484
82.031	484
82.081	480
82.132	482
82.182	479
82.232	481
82.282	486
82.332	485
82.383	490
82.433	496
82.483	496
82.533	504
82.583	503
82.633	505
82.684	510
82.734	506
82.784	507
82.834	507
82.884	500
82.936	500
82.986	493
83.036	490
83.086	488
83.136	482
83.186	481
83.237	481
83.287	478
83.337	482
83.387	480
83.437	483
83.487	489
83.538	489
83.588	495
83.638	499
83.688	498
83.738	505
83.788	502
83.840	504
83.890	506
83.940	501
83.990	502
84.040	501
84.091	494
84.141	497
84.191	490
84.241	489
84.291	490
84.341	485
84.392	487
84.442	488
84.492	486
84.542	490
84.592	488
84.643	490
84.693	494
84.744	492
84.794	495
84.844	496
84.894	494
84.945	497
84.995	493
85.045	493
85.095	495
85.145	491
85.195	494
85.246	493
85.296	490
85.346	495
85.396	493
85.446	494
85.497	497
85.547	494
85.597	500
85.648	499
85.698	497
85.748	500
85.799	495
85.849	496
85.899	496
85.949	491
85.999	492
86.049	489
86.100	485
86.150	486
86.200	482
86.250	482
86.300	485
86.351	483
86.401	488
86.451	490
86.501	490
86.552	497
86.602	497
86.653	501
86.703	506
86.753	504
86.803	509
86.853	508
86.904	504
86.954	506
87.004	499
87.054	497
87.104	496
87.154	488
87.205	488
87.255	483
87.305	478
87.355	480
87.405	477
87.456	477
87.507	481
87.557	481
87.607	488
87.657	490
87.707	492
87.758	501
87.808	501
87.858	505
87.908	510
87.958	506
88.008	511
88.059	506
88.109	505
88.159	505
88.209	497
88.259	496
88.309	493
88.361	486
88.411	486
88.461	482
88.511	479
88.561	481
88.612	480
88.662	482
88.712	486
88.762	486
88.812	492
88.862	491
88.913	494
88.963	501
89.013	499
89.063	503
89.113	505
89.163	500
89.214	504
89.265	499
89.315	496
89.365	498
89.415	492
89.466	492
89.516	491
89.566	487
89.616	489
89.666	486
89.716	487
89.767	490
89.817	488
89.867	492
89.917	494
89.967	492
90.017	497
90.068	494
90.118	495
90.169	498
90.219	493
90.269	496
90.320	495
90.370	491
90.420	493
90.470	488
90.520	489
90.570	491
90.621	489
90.671	491
90.721	493
90.771	493
90.821	496
90.872	495
90.922	498
90.972	501
91.022	497
91.073	500
91.123	501
91.174	497
91.224	499
91.274	492
91.324	491
91.374	491
91.424	486
91.475	486
91.525	485
91.575	482
91.625	484
91.675	482
91.726	485
91.776	490
91.826	489
91.876	495
91.927	498
91.977	499
92.028	505
92.078	503
92.128	505
92.178	509
92.228	504
92.278	506
92.329	503
92.379	497
92.429	497
92.479	490
92.529	486
92.580	485
92.630	480
92.680	480
92.730	479
92.780	477
92.831	481
92.882	481
92.932	484
92.982	490
93.032	491
93.082	499
93.132	502
93.183	502
93.233	510
93.283	506
93.333	509
93.383	511
93.434	504
93.484	507
93.534	501
93.584	496
93.634	494
93.684	487
93.736	484
93.786	483
93.836	478
93.886	480
93.936	480
93.987	479
94.037	484
94.087	483
94.137	488
94.187	494
94.237	494
94.288	502
94.338	501
94.388	502
94.438	508
94.488	503
94.538	505
94.589	506
94.640	499
94.690	501
94.740	495
94.790	491
94.841	492
94.891	486
94.941	486
94.991	486
95.041	483
95.091	486
95.142	487
95.192	487
95.242	491
95.292	490
95.342	493
95.392	497
95.443	495
95.493	500
95.544	497
95.594	497
95.644	499
95.695	495
95.745	496
95.795	495
95.845	491
95.895	494
95.945	490
95.996	489
96.046	492
96.096	489
96.146	492
96.196	494
96.246	492
96.297	498
96.347	494
96.397	496
96.448	500
96.498	496
96.549	498
96.599	497
96.649	492
96.699	495
96.749	489
96.799	488
96.850	490
96.900	485
96.950	486
97.000	487
97.050	484
97.100	489
97.151	488
97.201	490
97.251	496
97.301	495
97.352	500
97.403	503
97.453	501
97.503	506
97.553	502
97.603	503
97.653	505
97.704	498
97.754	499
97.804	496
97.854	489
97.904	490
97.955	483
98.005	481
98.055	482
98.105	478
98.155	481
98.205	483
98.257	483
98.307	489
98.357	489
98.407	494
98.457	500
98.507	499
98.558	505
98.608	507
98.658	505
98.708	509
98.758	503
98.809	503
98.859	503
98.909	496
98.959	496
99.009	492
99.059	486
99.110	487
99.161	482
99.211	481
99.261	483
99.311	482
99.361	485
99.412	487
99.462	488
99.512	494
99.562	492
99.612	497
99.663	501
99.713	498
99.763	503
99.813	502
99.863	499
99.913	502
99.964	496
100.014	496
100.065	496
100.115	490
100.165	493
100.216	491
100.266	488
100.316	491
100.366	488
100.416	490
100.466	493
100.517	491
100.567	496
100.617	495
100.667	492
100.717	497
100.767	492
100.818	494
100.868	495
100.918	491
100.969	493
101.019	492
101.070	489
101.120	491
101.170	488
101.220	490
101.270	492
101.320	490
101.371	496
101.421	495
101.471	496
101.521	501
101.571	498
101.621	501
101.672	502
101.722	498
101.772	501
101.822	496
101.873	493
101.924	494
101.974	488
102.024	487
102.074	486
102.124	482
102.174	484
102.225	483
102.275	483
102.325	487
102.375	487
102.425	491
102.475	496
102.526	496
102.576	503
102.626	501
102.676	503
102.726	507
102.778	503
102.828	505
102.878	504
102.928	498
102.978	499
103.028	491
103.079	489
103.129	489
103.179	483
103.229	483
103.279	483
103.329	481
103.380	484
103.430	482
103.480	486
103.530	491
103.580	491
103.631	496
103.682	500
103.732	499
103.782	504
103.832	501
103.882	502
103.933	504
103.983	499
104.033	500
104.083	498
104.133	492
104.184	494
104.234	488
104.284	487
104.334	489
104.384	486
104.434	487
104.485	489
104.536	487
104.586	492
104.636	490
104.686	492
104.736	496
104.787	494
104.837	497
104.887	498
104.937	495
104.987	497
105.038	493
105.088	492
105.138	494
105.188	490
105.238	492
105.288	492
105.339	490
105.389	494
105.440	491
105.490	493
105.540	497
105.590	495
105.641	499
105.691	499
105.741	497
105.791	500
105.841	495
105.892	496
105.942	497
105.992	491
106.042	492
106.092	490
106.142	485
106.193	487
106.243	484
106.293	484
106.344	487
106.394	486
106.444	491
106.495	493
106.545	493
106.595	499
106.645	497
106.695	502
106.746	505
106.796	501
106.846	507
106.896	503
106.946	500
106.996	501
107.047	494
107.097	491
107.147	491
107.197	485
107.248	486
107.299	484
107.349	481
107.399	485
107.449	483
107.499	485
107.549	490
107.600	489
107.650	496
107.700	498
107.750	498
107.800	503
107.850	500
107.901	503
107.951	504
108.001	500
108.051	502
108.101	497
108.153	494
108.203	495
108.253	489
108.303	488
108.353	489
108.403	485
108.454	488
108.504	487
108.554	486
108.604	491
108.654	490
108.704	493
108.755	496
108.805	494
108.855	498
108.905	496
108.955	496
109.006	499
109.057	494
109.107	495
109.157	495
109.207	491
109.257	493
109.308	490
109.358	489
109.408	492
109.458	489
109.508	492
109.558	495
109.609	493
109.659	497
109.709	495
109.759	497
109.809	500
109.860	496
109.910	498
109.961	498
110.011	493
110.061	495
110.111	491
110.162	488
110.212	489
110.262	485
110.312	486
110.362	487
110.412	485
110.463	490
110.513	488
110.563	491
110.613	496
110.663	495
110.714	500
110.764	503
110.814	501
110.865	506
110.915	501
110.965	501
111.016	503
111.066	496
111.116	496
111.166	494
111.216	488
111.267	488
111.317	482
111.367	482
111.417	483
111.467	481
111.517	483
111.568	486
111.618	486
111.668	492
111.718	492
111.769	496
111.819	502
111.870	501
111.920	506
111.970	507
112.020	504
112.070	507
112.121	500
112.171	499
112.221	499
112.271	492
112.321	491
112.371	489
112.422	484
112.472	485
112.522	481
112.572	482
112.623	485
112.673	484
112.724	488
112.774	491
112.824	491
112.874	497
112.924	495
112.975	499
113.025	503
113.075	499
113.125	503
113.175	502
113.225	497
113.276	500
113.326	494
113.376	493
113.426	494
113.476	489
113.528	490
113.578	490
113.628	488
113.678	491
113.728	488
113.778	490
113.829	494
113.879	492
113.929	496
113.979	496
114.029	494
114.079	498
114.130	493
114.180	494
114.230	495
114.280	491
114.330	493
114.380	492
114.432	489
114.482	492
114.532	488
114.582	491
114.632	494
114.683	492
114.733	497
114.783	498
114.833	497
114.883	502
114.933	497
114.984	499
115.034	501
115.084	496
115.134	498
115.184	495
115.235	491
115.285	491
115.336	485
115.386	486
115.436	486
115.486	482
115.537	486
115.587	487
115.637	487
115.687	492
115.737	491
115.787	496
115.838	500
115.888	499
115.938	504
115.988	502
116.038	503
116.089	506
116.139	500
116.189	500
116.240	499
116.290	492
116.340	493
116.391	489
116.441	485
116.491	486
116.541	482
116.591	483
116.641	486
116.692	484
116.742	489
116.792	490
116.842	491
116.892	497
116.943	496
116.993	500
117.043	503
117.093	500
117.144	504
117.194	499
117.245	499
117.295	500
117.345	494
117.395	494
117.445	493
117.496	488
117.546	491
117.596	487
117.646	487
117.696	490
117.746	487
117.797	491
117.847	493
117.897	491
117.947	496
117.997	494
118.048	495
118.099	498
118.149	494
118.199	496
118.249	496
118.299	492
118.350	494
118.400	490
118.450	490
118.500	492
118.550	489
118.600	492
118.651	494
118.701	492
118.751	497
118.801	494
118.851	496
118.901	499
118.953	496
119.003	499
119.053	499
119.103	495
119.153	497
119.204	492
119.254	491
119.304	491
119.354	486
119.404	487
119.454	487
119.505	485
119.555	489
119.605	487
119.655	490
119.705	494
119.755	494
119.806	499
119.857	500
119.907	499
119.957	504
120.007	499
120.058	501
120.108	502
120.158	497
120.208	498
120.258	495
120.308	490
120.359	491
120.409	486
120.459	486
120.509	488
120.559	485
120.609	489
120.660	489
120.710	490
120.761	494
120.811	492
120.861	496
120.912	499
120.962	496
121.012	500
121.062	499
121.112	496
121.162	498
121.213	493
121.263	493
121.313	495
121.363	491
121.413	493
121.464	492
121.514	491
121.564	494
121.614	491
121.665	494
121.715	497
121.766	493
121.816	497
121.866	496
121.916	493
121.966	496
122.016	492
122.067	492
122.117	492
122.167	488
122.217	491
122.267	489
122.318	488
122.368	492
122.418	490
122.468	493
122.519	496
122.569	495
122.620	501
122.670	499
122.720	499
122.770	503
122.820	498
122.870	498
122.921	499
122.971	494
123.021	494
123.071	491
123.121	487
123.172	489
123.222	485
123.272	486
123.322	488
123.372	486
123.423	491
123.474	491
123.524	493
123.574	498
123.624	494
123.674	498
123.724	501
123.775	497
123.825	502
123.875	497
123.925	496
123.975	497
124.026	492
124.076	492
124.126	493
124.176	490
124.226	492
124.276	490
124.328	490
124.378	494
124.428	491
124.478	494
124.528	496
124.579	493
124.629	497
124.679	493
124.729	493
124.779	495
124.829	491
124.880	492
124.930	492
124.980	489
125.030	492
125.080	489
125.130	491
125.181	495
125.232	493
125.282	496
125.332	499
125.382	497
125.433	501
125.483	497
125.533	498
125.583	500
125.633	495
125.683	495
125.734	494
125.784	489
125.834	491
125.884	485
125.934	486
125.984	488
126.035	485
126.085	488
126.136	491
126.186	490
126.236	495
126.287	494
126.337	497
126.387	500
126.437	498
126.487	501
126.537	500
126.588	496
126.638	499
126.688	493
126.738	493
126.788	494
126.838	489
126.889	491
126.939	491
126.989	489
127.040	492
127.090	490
127.141	491
127.191	495
127.241	493
127.291	496
127.341	496
127.391	493
127.442	497
127.492	493
127.542	492
127.592	494
127.642	491
127.692	492
127.743	492
127.793	490
127.843	494
127.893	492
127.944	495
127.995	498
128.045	496
128.095	500
128.145	500
128.195	497
128.245	499
128.296	496
128.346	495
128.396	495
128.446	489
128.496	491
128.547	489
128.597	486
128.647	488
128.697	484
128.747	488
128.797	490
128.849	489
128.899	495
128.949	496
128.999	496
129.049	501
129.099	497
129.150	500
129.200	502
129.250	498
129.300	500
129.350	496
129.401	494
129.451	495
129.501	489
129.551	489
129.601	490
129.651	488
129.702	490
129.753	489
129.803	489
129.853	493
129.903	491
129.953	494
130.004	497
130.054	493
130.104	497
130.154	495
130.204	494
130.255	496
130.305	492
130.355	493
130.405	494
130.455	490
130.505	494
130.556	491
130.606	492
130.657	496
130.707	493
130.757	496
130.808	498
130.858	495
130.908	500
130.958	497
131.008	496
131.058	497
131.109	492
131.159	493
131.209	491
131.259	488
131.309	489
131.359	487
131.410	486
131.460	489
131.510	487
131.561	491
131.611	494
131.662	493
131.712	499
131.762	497
131.812	499
131.862	502
131.912	497
131.963	501
132.013	500
132.063	495
132.113	497
132.163	491
132.213	491
132.264	491
132.314	488
132.364	489
132.414	490
132.465	487
132.516	492
132.566	489
132.616	491
132.666	496
132.716	493
132.766	497
132.817	498
132.867	495
132.917	498
132.967	494
133.017	494
133.067	495
133.118	490
133.168	493
133.218	493
133.268	490
133.318	494
133.370	491
133.420	493
133.470	496
133.520	494
133.570	498
133.620	498
133.671	495
133.721	498
133.771	494
133.821	494
133.871	495
133.921	490
133.972	491
134.022	490
134.072	487
134.122	490
134.172	488
134.223	489
134.274	493
134.324	491
134.374	496
134.424	497
134.474	496
134.525	501
134.575	498
134.625	499
134.675	501
134.725	495
134.776	497
134.826	495
134.876	490
134.926	493
134.976	488
135.026	488
135.077	491
135.128	488
135.178	491
135.228	492
135.278	491
135.328	495
135.379	493
135.429	495
135.479	498
135.529	495
135.579	498
135.630	496
135.680	493
135.730	496
135.780	491
135.830	492
135.880	493
135.931	489
135.981	494
136.032	493
136.082	492
136.132	496
136.182	494
136.233	496
136.283	498
136.333	495
136.383	499
136.433	495
136.484	493
136.534	495
136.584	490
136.634	490
136.684	491
136.734	487
136.785	490
136.835	489
136.885	489
136.936	493
136.986	491
137.036	494
137.087	498
137.137	496
137.187	501
137.237	499
137.287	498
137.338	501
137.388	495
137.438	497
137.488	496
137.538	491
137.588	493
137.639	487
137.689	488
137.739	490
137.789	487
137.840	490
137.891	492
137.941	490
137.991	495
138.041	493
138.091	495
138.141	499
138.192	495
138.242	497
138.292	498
138.342	494
138.392	496
138.442	492
138.493	491
138.543	493
138.593	490
138.643	493
138.693	494
138.745	492
138.795	496
138.845	493
138.895	495
138.945	499
138.995	494
139.046	497
139.096	498
139.146	494
139.196	496
139.246	491
139.296	490
139.347	492
139.397	488
139.447	489
139.497	490
139.547	489
139.598	493
139.649	491
139.699	493
139.749	497
139.799	495
139.849	500
139.900	501
139.950	498
140.000	501
140.050	496
140.100	496
140.150	496
140.201	491
140.251	492
140.301	490
140.351	487
140.401	489
140.452	487
140.502	488
140.553	492
140.603	490
140.653	494
140.703	496
140.754	495
140.804	499
140.854	496
140.904	497
140.954	499
141.004	495
141.055	496
141.105	495
141.155	491
141.205	494
141.255	490
141.306	490
141.356	493
141.406	490
141.457	493
141.507	495
141.557	493
141.608	498
141.658	495
141.708	496
141.758	498
141.808	495
141.859	498
141.909	495
141.959	491
142.009	493
142.059	488
142.109	489
142.160	490
142.210	487
142.260	491
142.310	491
142.361	490
142.411	495
142.462	494
142.512	496
142.562	500
142.612	498
142.662	502
142.713	500
142.763	497
142.813	500
142.863	494
142.913	494
142.963	494
143.014	488
143.064	490
143.114	490
143.164	486
143.215	489
143.265	488
143.316	489
143.366	493
143.416	492
143.466	497
143.516	497
143.567	496
143.617	500
143.667	496
143.717	498
143.767	498
143.817	495
143.868	496
143.918	493
143.968	491
144.018	494
144.068	489
144.120	491
144.170	494
144.220	491
144.270	495
144.320	494
144.370	494
144.421	498
144.471	494
144.521	496
144.571	497
144.621	492
144.671	495
144.722	491
144.772	489
144.822	492
144.872	488
144.922	490
144.972	491
145.024	490
145.074	494
145.124	493
145.174	494
145.224	499
145.275	497
145.325	500
145.375	501
145.425	498
145.475	501
145.525	497
145.576	494
145.626	495
145.676	490
145.726	490
145.776	490
145.827	486
145.877	489
145.928	486
145.978	488
146.028	492
146.078	490
146.129	494
146.179	497
146.229	496
146.279	500
146.329	497
146.379	497
146.430	500
146.480	496
146.530	498
146.580	496
146.630	491
146.681	494
146.731	489
146.781	490
146.832	493
146.882	490
146.932	493
146.983	494
147.033	493
147.083	496
147.133	494
147.183	495
147.233	497
147.284	493
147.334	495
147.384	494
147.434	491
147.484	494
147.535	489
147.585	489
147.635	492
147.685	489
147.736	492
147.786	494
147.837	493
147.887	498
147.937	495
147.987	497
148.037	501
148.088	497
148.138	500
148.188	498
148.238	495
148.288	496
148.338	492
148.389	490
148.439	491
148.489	486
148.539	489
148.589	489
148.640	487
148.691	491
148.741	489
148.791	492
148.841	496
148.891	494
148.942	499
148.992	499
149.042	498
149.092	501
149.142	496
149.192	497
149.243	497
149.293	492
149.343	494
149.393	492
149.443	490
149.493	492
149.545	489
149.595	491
149.645	494
149.695	492
149.745	496
149.796	495
149.846	495
149.896	498
149.946	493
149.996	495
150.046	496
150.097	492
150.147	494
150.197	491
150.247	490
150.297	493
150.347	490
150.398	491
150.449	493
150.499	492
150.549	496
150.599	496
150.650	495
150.700	501
150.750	497
150.800	498
150.850	499
150.900	495
150.951	497
151.001	493
151.051	491
151.101	492
151.151	487
151.201	488
151.252	489
151.302	486
151.353	491
151.403	490
151.453	490
151.504	496
151.554	493
151.604	497
151.654	500
151.704	497
151.754	501
151.805	498
151.855	497
151.905	498
151.955	493
152.005	494
152.056	494
152.106	490
152.156	492
152.206	489
152.257	489
152.307	493
152.358	490
152.408	493
152.458	495
152.508	493
152.558	498
152.608	494
152.659	495
152.709	497
152.759	492
152.809	494
152.859	494
152.910	490
152.960	493
153.010	489
153.060	491
153.111	493
153.161	492
153.212	495
153.262	498
153.312	495
153.362	500
153.412	496
153.462	498
153.513	500
153.563	495
153.613	496
153.663	495
153.713	491
153.764	492
153.814	487
153.864	488
153.914	489
153.964	487
154.015	489
154.066	491
154.116	491
154.166	496
154.216	493
154.266	496
154.316	500
154.367	497
154.417	500
154.467	499
154.517	496
154.567	498
154.618	493
154.668	492
154.718	494
154.768	490
154.818	492
154.868	492
154.920	490
154.970	494
155.020	491
155.070	493
155.120	496
155.171	493
155.221	497
155.271	497
155.321	494
155.371	497
155.421	493
155.472	493
155.522	494
155.572	489
155.622	492
155.672	492
155.722	490
155.773	494
155.824	492
155.874	494
155.924	498
155.974	495
156.025	499
156.075	499
156.125	497
156.175	500
156.225	495
156.275	495
156.326	495
156.376	490
156.426	492
156.476	490
156.526	487
156.576	490
156.627	487
156.677	489
156.728	493
156.778	491
156.828	496
156.879	497
156.929	496
156.979	500
157.029	497
157.079	499
157.129	500
157.180	495
157.230	497
157.280	494
157.330	491
157.380	493
157.430	489
157.481	491
157.531	492
157.581	489
157.632	494
157.682	493
157.733	493
157.783	497
157.833	494
157.883	496
157.933	498
157.983	494
158.034	497
158.084	493
158.134	492
158.184	493
158.234	490
158.284	491
158.335	492
158.385	490
158.435	494
158.485	493
158.536	494
158.587	498
158.637	495
158.687	499
158.737	500
158.787	496
158.837	499
158.888	495
158.938	493
158.988	495
159.038	490
159.088	490
159.139	490
159.189	488
159.239	490
159.289	488
159.339	490
159.389	494
159.441	492
159.491	496
159.541	498
159.591	497
159.641	500
159.691	496
159.742	497
159.792	499
159.842	494
159.892	495
159.942	494
159.993	491
160.043	493
160.093	490
160.143	490
160.193	493
160.243	491
160.294	494
160.345	496
160.395	493
160.445	498
160.495	495
160.545	495
160.596	498
160.646	493
160.696	494
160.746	494
160.796	490
160.847	493
160.897	488
160.947	489
160.997	492
161.047	490
161.097	493
161.148	495
161.198	494
161.249	499
161.299	496
161.349	498
161.400	501
161.450	496
161.500	499
161.550	498
161.600	493
161.650	495
161.701	490
161.751	490
161.801	491
161.851	488
161.901	490
161.951	491
162.002	490
162.052	494
162.102	492
162.153	494
162.203	498
162.254	495
162.304	499
162.354	498
162.404	495
162.454	498
162.504	493
162.555	493
162.605	494
162.655	491
162.705	493
162.755	493
162.805	491
162.856	494
162.906	492
162.956	495
163.006	497
163.057	494
163.108	498
163.158	496
163.208	494
163.258	497
163.308	492
163.358	492
163.409	493
163.459	489
163.509	491
163.559	490
163.609	489
163.659	493
163.710	490
163.760	494
163.810	497
163.860	495
163.910	500
163.962	498
164.012	497
164.062	500
164.112	496
164.162	496
164.212	497
164.263	492
164.313	494
164.363	490
164.413	487
164.463	491
164.513	487
164.564	489
164.614	493
164.664	490
164.714	495
164.764	494
164.815	495
164.866	499
164.916	496
164.966	498
165.016	499
165.066	494
165.117	497
165.167	493
165.217	492
165.267	493
165.317	489
165.368	491
165.418	492
165.468	490
165.518	494
165.568	493
165.618	495
165.669	498
165.720	494
165.770	498
165.820	499
165.870	495
165.920	498
165.971	494
166.021	492
166.071	494
166.121	489
166.171	489
166.222	491
166.272	488
166.322	492
166.372	490
166.422	492
166.472	496
166.523	494
166.573	498
166.624	500
166.674	496
166.724	501
166.774	496
166.825	496
166.875	497
166.925	492
166.975	493
167.025	492
167.076	488
167.126	491
167.176	488
167.226	488
167.276	492
167.326	491
167.377	494
167.427	496
167.477	494
167.528	499
167.578	496
167.628	496
167.679	499
167.729	495
167.779	496
167.829	495
167.879	491
167.930	494
167.980	489
168.030	490
168.080	493
168.130	490
168.180	494
168.231	495
168.281	493
168.331	498
168.381	495
168.432	496
168.483	499
168.533	495
168.583	497
168.633	495
168.683	492
168.733	493
168.784	489
168.834	489
168.884	491
168.934	489
168.984	492
169.034	493
169.085	492
169.135	497
169.185	494
169.235	497
169.285	500
169.337	497
169.387	500
169.437	499
169.487	495
169.537	497
169.587	492
169.638	492
169.688	492
169.738	488
169.788	490
169.838	490
169.888	488
169.939	492
169.989	490
170.039	493
170.089	496
170.139	495
170.190	499
170.241	498
170.291	497
170.341	500
170.391	495
170.441	495
170.492	496
170.542	491
170.592	494
170.642	493
170.692	490
170.742	493
170.793	491
170.843	493
170.893	496
170.943	493
170.993	497
171.044	495
171.094	495
171.145	497
171.195	493
171.245	494
171.295	494
171.346	490
171.396	493
171.446	490
171.496	489
171.546	492
171.596	489
171.647	492
171.697	495
171.747	493
171.797	498
171.847	497
171.898	497
171.948	501
171.998	497
172.049	498
172.099	498
172.149	494
172.200	496
172.250	491
172.300	489
172.350	491
172.400	488
172.451	489
172.501	491
172.551	489
172.601	494
172.651	493
172.701	493
172.752	498
172.802	495
172.852	498
172.902	499
172.953	495
173.003	498
173.054	494
173.104	493
173.154	494
173.204	490
173.254	492
173.305	493
173.355	490
173.405	495
173.455	493
173.505	494
173.555	497
173.606	494
173.656	497
173.706	498
173.756	494
173.807	498
173.857	493
173.908	492
173.958	494
174.008	489
174.058	490
174.108	491
174.159	489
174.209	493
174.259	491
174.309	492
174.359	497
174.409	494
174.460	498
174.510	499
174.560	497
174.610	500
174.660	496
174.712	496
174.762	497
174.812	493
174.862	493
174.912	492
174.962	488
175.013	491
175.063	488
175.113	489
175.163	493
175.213	492
175.263	495
175.314	496
175.364	494
175.414	499
175.464	495
175.514	496
175.564	498
175.616	494
175.666	495
175.716	494
175.766	491
175.816	493
175.867	490
175.917	491
175.967	494
176.017	491
176.067	495
176.117	496
176.168	494
176.218	499
176.268	495
176.318	496
176.368	498
176.419	493
176.469	496
176.520	494
176.570	490
176.620	492
176.670	488
176.721	489
176.771	491
176.821	489
176.871	493
176.921	495
176.971	494
177.022	498
177.072	496
177.122	498
177.172	501
177.222	497
177.273	499
177.323	497
177.373	494
177.424	495
177.474	490
177.524	490
177.575	492
177.625	488
177.675	491
177.725	491
177.775	491
177.825	495
177.876	494
177.926	495
177.976	498
178.026	494
178.076	499
178.127	496
178.177	495
178.227	497
178.277	492
178.328	493
178.378	494
178.429	490
178.479	493
178.529	491
178.579	491
178.629	494
178.680	492
178.730	495
178.780	498
178.830	496
178.880	500
178.930	497
178.981	495
179.031	498
179.081	492
179.131	493
179.181	493
179.232	489
179.283	491
179.333	490
179.383	489
179.433	492
179.483	490
179.534	493
179.584	496
179.634	493
179.684	499
179.734	497
179.784	498
179.835	500
179.885	496
179.935	497
179.985	497
180.035	492
180.085	494
180.137	491
180.187	489
180.237	491
180.287	489
180.337	491
180.388	493
180.438	491
180.488	496
180.538	494
180.588	496
180.638	500
180.689	495
180.739	498
180.789	498
180.839	494
180.889	496
180.939	492
180.990	491
181.041	492
181.091	489
181.141	491
181.191	492
181.242	490
181.292	495
181.342	493
181.392	494
181.442	498
181.492	495
181.543	499
181.593	499
181.643	495
181.693	498
181.743	493
181.793	493
181.844	494
181.894	489
181.945	491
181.995	491
182.045	489
182.096	492
182.146	490
182.196	492
182.246	496
182.296	494
182.346	498
182.397	499
182.447	496
182.497	499
182.547	496
182.597	495
182.648	497
182.698	492
182.748	494
182.798	492
182.849	489
182.899	492
182.950	490
183.000	492
183.050	494
183.100	492
183.150	496
183.200	497
183.251	495
183.301	500
183.351	495
183.401	496
183.451	498
183.502	493
183.552	495
183.602	493
183.652	490
183.703	492
183.753	489
183.804	489
183.854	492
183.904	490
183.954	494
184.004	495
184.054	495
184.105	499
184.155	496
184.205	498
184.255	501
184.305	497
184.356	499
184.406	497
184.456	492
184.506	494
184.556	489
184.607	489
184.658	491
184.708	488
184.758	491
184.808	492
184.858	492
184.908	495
184.959	494
185.009	496
185.059	499
185.109	496
185.159	500
185.210	498
185.260	495
185.310	497
185.360	493
185.410	493
185.460	493
185.512	490
185.562	492
185.612	491
185.662	490
185.712	494
185.763	491
185.813	494
185.863	497
185.913	495
185.963	499
186.013	497
186.064	495
186.114	498
186.164	493
186.214	494
186.264	494
186.314	489
186.365	492
186.416	490
186.466	489
186.516	492
186.566	489
186.617	493
186.667	495
186.717	494
186.767	499
186.817	497
186.867	498
186.918	501
186.968	496
187.018	498
187.068	498
187.118	493
187.168	495
187.219	490
187.269	489
187.320	491
187.370	489
187.420	489
187.471	492
187.521	490
187.571	495
187.621	493
187.671	494
187.721	499
187.772	496
187.822	499
187.872	499
187.922	496
187.972	499
188.022	494
188.073	493
188.123	494
188.173	490
188.224	491
188.274	493
188.325	490
188.375	494
188.425	492
188.475	493
188.525	498
188.575	494
188.626	497
188.676	498
188.726	495
188.776	498
188.826	493
188.876	493
188.927	495
188.977	490
189.027	492
189.077	491
189.128	489
189.179	493
189.229	491
189.279	492
189.329	497
189.379	494
189.429	498
189.480	499
189.530	497
189.580	500
189.630	496
189.680	496
189.731	497
189.781	492
189.831	493
189.881	491
189.931	489
189.981	491
190.033	488
190.083	490
190.133	493
190.183	491
190.233	494
190.283	496
190.334	495
190.384	499
190.434	496
190.484	497
190.534	499
190.585	495
190.635	497
190.685	495
190.735	491
190.785	493
190.835	489
190.886	490
190.937	493
190.987	490
191.037	494
191.087	495
191.137	494
191.188	498
191.238	494
191.288	496
191.338	499
191.388	495
191.439	497
191.489	495
191.539	492
191.589	494
191.639	490
191.689	491
191.740	492
191.790	489
191.841	493
191.891	494
191.941	493
191.992	497
192.042	495
192.092	497
192.142	500
192.192	496
192.242	500
192.293	496
192.343	495
192.393	496
192.443	491
192.493	492
192.543	492
192.594	488
192.644	491
192.694	491
192.745	490
192.795	494
192.846	492
192.896	494
192.946	497
192.996	495
193.046	499
193.096	496
193.147	496
193.197	498
193.247	493
193.297	494
193.347	495
193.397	490
193.448	492
193.498	491
193.548	491
193.598	494
193.649	492
193.700	495
193.750	497
193.800	495
193.850	499
193.900	495
193.950	496
194.001	497
194.051	494
194.101	494
194.151	493
194.201	490
194.251	492
194.302	488
194.352	489
194.402	493
194.452	491
194.502	494
194.554	497
194.604	494
194.654	500
194.704	496
194.754	498
194.804	500
194.855	496
194.905	496
194.955	496
195.005	492
195.055	494
195.105	489
195.156	490
195.206	492
195.256	489
195.306	492
195.356	493
195.407	492
195.458	497
195.508	494
195.558	496
195.608	499
195.658	495
195.709	498
195.759	497
195.809	493
195.859	495
195.909	491
195.960	491
196.010	493
196.060	490
196.110	493
196.160	494
196.210	492
196.261	496
196.312	494
196.362	496
196.412	499
196.462	495
196.512	498
196.563	497
196.613	493
196.663	496
196.713	491
196.763	491
196.814	492
196.864	488
196.914	491
196.964	492
197.014	491
197.064	495
197.115	493
197.165	495
197.216	499
197.266	496
197.316	500
197.366	500
197.417	497
197.467	499
197.517	494
197.567	494
197.617	494
197.668	490
197.718	492
197.768	491
197.818	489
197.868	493
197.918	490
197.969	493
198.019	496
198.069	493
198.120	498
198.170	498
198.220	496
198.271	499
198.321	495
198.371	495
198.421	496
198.471	492
198.522	494
198.572	493
198.622	490
198.672	493
198.722	491
198.772	493
198.823	496
198.873	494
198.923	498
198.973	496
199.024	496
199.075	499
199.125	495
199.175	496
199.225	496
199.275	492
199.325	494
199.376	491
199.426	489
199.476	492
199.526	489
199.576	491
199.626	494
199.677	493
199.727	497
199.777	496
199.827	496
199.877	500
199.929	497
199.979	498
200.029	499
200.079	494
200.129	497
200.179	493
200.230	491
200.280	493
200.330	489
200.380	491
200.430	492
200.480	490
200.531	494
200.581	493
200.631	494
200.681	497
200.731	494
200.782	497
200.833	498
200.883	495
200.933	497
200.983	494
201.033	493
201.084	494
201.134	490
201.184	492
201.234	493
201.284	491
201.334	495
201.385	492
201.435	495
201.485	498
201.535	496
201.585	498
201.636	499
201.686	495
201.737	498
201.787	493
201.837	492
201.887	494
201.938	489
201.988	490
202.038	491
202.088	489
202.138	493
202.188	491
202.239	492
202.289	497
202.339	495
202.389	498
202.439	499
202.490	497
202.540	500
202.590	496
202.641	496
202.691	497
202.741	492
202.792	493
202.842	493
202.892	489
202.942	492
202.992	489
203.043	490
203.093	494
203.143	492
203.193	495
203.243	496
203.293	495
203.344	499
203.394	495
203.444	496
203.494	498
203.545	493
203.595	495
203.646	494
203.696	490
203.746	493
203.796	490
203.846	492
203.897	494
203.947	492
203.997	496
204.047	497
204.097	495
204.147	499
204.198	495
204.248	497
204.298	499
204.348	494
204.399	496
204.449	494
204.500	490
204.550	493
204.600	488
204.650	489
204.700	492
204.751	489
204.801	493
204.851	494
204.901	493
204.951	498
205.001	496
205.052	498
205.102	501
205.152	496
205.202	500
205.252	498
205.304	493
205.354	496
205.404	491
205.454	490
205.504	491
205.554	489
205.605	492
205.655	492
205.705	491
205.755	495
205.805	492
205.855	495
205.906	498
205.956	495
206.006	499
206.056	498
206.106	495
206.156	497
206.208	492
206.258	492
206.308	494
206.358	490
206.408	493
206.459	492
206.509	491
206.559	495
206.609	492
206.659	495
206.709	498
206.760	495
206.810	499
206.860	497
206.910	496
206.960	498
207.011	493
207.061	494
207.112	494
207.162	489
207.212	492
207.262	489
207.313	489
207.363	492
207.413	490
207.463	493
207.513	496
207.563	494
207.614	499
207.664	497
207.714	498
207.764	500
207.814	496
207.865	497
207.915	497
207.965	492
208.016	495
208.066	491
208.116	490
208.167	492
208.217	489
208.267	492
208.317	494
208.367	491
208.417	497
208.468	494
208.518	496
208.568	499
208.618	495
208.668	497
208.719	497
208.769	493
208.819	496
208.869	491
208.920	490
208.970	493
209.021	490
209.071	492
209.121	494
209.171	492
209.221	496
209.272	494
209.322	496
209.372	499
209.422	496
209.472	499
209.522	498
209.573	495
209.623	497
209.673	492
209.723	491
209.773	492
209.824	488
209.875	490
209.925	491
209.975	489
210.025	493
210.075	491
210.126	493
210.176	498
210.226	496
210.276	499
210.326	500
210.376	496
210.427	500
210.477	496
210.527	495
210.577	496
210.627	491
210.677	493
210.729	493
210.779	489
210.829	492
210.879	491
210.929	492
210.980	495
211.030	493
211.080	496
211.130	497
211.180	496
211.230	499
211.281	493
211.331	495
211.381	496
211.431	491
211.481	494
211.531	493
211.582	490
211.633	493
211.683	490
211.733	492
211.783	495
211.834	493
211.884	497
211.934	498
211.984	496
212.034	500
212.084	496
212.135	496
212.185	498
212.235	494
212.285	495
212.335	493
212.385	489
212.436	492
212.486	488
212.537	489
212.587	492
212.637	490
212.688	495
212.738	496
212.788	496
212.838	500
212.888	496
212.938	498
212.989	500
213.039	496
213.089	498
213.139	495
213.189	492
213.240	494
213.290	490
213.340	491
213.390	492
213.441	490
213.491	494
213.542	493
213.592	493
213.642	497
213.692	495
213.742	497
213.792	499
213.843	495
213.893	498
213.943	495
213.993	492
214.043	495
214.094	490
214.144	491
214.194	493
214.244	490
214.295	494
214.345	493
214.396	493
214.446	497
214.496	495
214.546	497
214.596	499
214.646	496
214.697	500
214.747	495
214.797	495
214.847	496
214.897	491
214.948	491
214.998	492
215.048	488
215.098	492
215.148	490
215.199	490
215.250	494
215.300	492
215.350	495
215.400	498
215.450	496
215.500	500
215.551	497
215.601	496
215.651	499
215.701	494
215.751	495
