#Creator: pendulumdriveEventBuffer
#Creation time: Fri Apr  7 15:31:08 2017
#Time	Pos
#[s]	[au]
0.049	511
0.100	545
0.150	576
0.200	601
0.250	621
0.301	633
0.351	635
0.401	629
0.451	618
0.501	601
0.552	576
0.602	545
0.652	511
0.702	478
0.752	444
0.802	411
0.853	383
0.903	361
0.954	345
1.004	339
1.054	340
1.104	347
1.155	363
1.205	388
1.255	418
1.305	454
1.355	485
1.406	518
1.456	551
1.506	579
1.556	602
1.606	619
1.656	629
1.707	631
1.757	627
1.807	616
1.858	596
1.908	571
1.959	541
2.009	506
2.059	472
2.109	439
2.159	412
2.209	386
2.260	367
2.310	353
2.360	348
2.410	348
2.460	357
2.510	373
2.561	396
2.611	424
2.661	456
2.711	490
2.762	523
2.813	552
2.863	577
2.913	597
2.963	611
3.013	618
3.063	620
3.114	614
3.164	602
3.214	582
3.264	558
3.314	532
3.364	501
3.415	471
3.465	442
3.515	416
3.565	393
3.615	377
3.667	367
3.717	363
3.767	365
3.817	376
3.867	392
3.917	414
3.968	441
4.018	469
4.068	499
4.118	526
4.168	551
4.218	573
4.269	588
4.319	598
4.369	603
4.419	602
4.469	595
4.520	581
4.571	563
4.621	541
4.671	516
4.721	489
4.771	463
4.822	438
4.872	416
4.922	399
4.972	388
5.022	382
5.072	381
5.123	387
5.173	399
5.223	416
5.273	437
5.323	461
5.374	487
5.424	512
5.475	536
5.525	556
5.575	573
5.625	582
5.676	589
5.726	590
5.776	586
5.826	576
5.876	561
5.927	542
5.977	520
6.027	497
6.077	473
6.127	449
6.177	429
6.228	411
6.278	398
6.328	392
6.379	389
6.429	393
6.479	403
6.530	417
6.580	435
6.630	457
6.680	480
6.730	504
6.781	526
6.831	547
6.881	563
6.931	575
6.981	583
7.031	585
7.082	583
7.132	576
7.182	563
7.232	546
7.283	525
7.333	504
7.384	481
7.434	459
7.484	438
7.534	420
7.584	406
7.635	396
7.685	393
7.735	394
7.785	400
7.835	412
7.885	429
7.936	449
7.986	470
8.036	492
8.086	515
8.136	536
8.188	553
8.238	567
8.288	577
8.338	582
8.388	583
8.438	578
8.489	569
8.539	554
8.589	536
8.639	515
8.689	493
8.739	471
8.790	449
8.840	430
8.890	415
8.940	403
8.990	397
9.040	394
9.092	398
9.142	407
9.192	420
9.242	437
9.292	457
9.343	479
9.393	500
9.443	522
9.493	542
9.543	557
9.593	569
9.644	577
9.694	580
9.744	579
9.794	572
9.844	561
9.895	546
9.945	527
9.996	507
10.046	486
10.096	464
10.146	445
10.197	427
10.247	413
10.297	404
10.347	398
10.397	398
10.447	403
10.498	413
10.548	428
10.598	445
10.648	464
10.698	486
10.749	507
10.799	526
10.850	543
10.900	557
10.950	568
11.000	575
11.051	576
11.101	573
11.151	565
11.201	553
11.251	537
11.301	519
11.352	500
11.402	479
11.452	460
11.502	441
11.552	427
11.603	415
11.653	407
11.703	404
11.754	406
11.804	412
11.854	424
11.905	438
11.955	456
12.005	474
12.055	494
12.105	513
12.156	531
12.206	545
12.256	558
12.306	566
12.356	570
12.406	570
12.457	564
12.507	555
12.557	542
12.607	527
12.658	508
12.708	490
12.759	471
12.809	453
12.859	438
12.909	425
12.959	415
13.010	411
13.060	410
13.110	414
13.160	423
13.210	435
13.260	450
13.311	467
13.361	485
13.411	504
13.461	521
13.511	536
13.562	549
13.613	559
13.663	564
13.713	566
13.763	563
13.813	556
13.864	545
13.914	531
13.964	515
14.014	498
14.064	480
14.114	462
14.165	446
14.215	432
14.265	422
14.315	415
14.365	413
14.415	415
14.467	422
14.517	432
14.567	445
14.617	460
14.667	478
14.718	495
14.768	513
14.818	528
14.868	542
14.918	553
14.968	560
15.019	564
15.069	563
15.119	558
15.169	549
15.219	537
15.269	523
15.320	506
15.371	489
15.421	471
15.471	455
15.521	440
15.572	428
15.622	420
15.672	416
15.722	415
15.772	420
15.822	428
15.873	439
15.923	453
15.973	469
16.023	486
16.073	504
16.124	520
16.174	534
16.224	546
16.275	556
16.325	561
16.375	562
16.426	559
16.476	553
16.526	543
16.576	529
16.626	515
16.676	498
16.727	480
16.777	464
16.827	449
16.877	436
16.927	426
16.978	419
17.028	416
17.078	418
17.128	424
17.179	434
17.229	446
17.280	461
17.330	477
17.380	494
17.430	510
17.480	526
17.530	538
17.581	549
17.631	557
17.681	560
17.731	560
17.781	556
17.832	548
17.882	537
17.932	523
17.982	507
18.032	490
18.083	475
18.134	459
18.184	445
18.234	433
18.284	425
18.334	420
18.384	419
18.435	422
18.485	430
18.535	440
18.585	453
18.635	468
18.686	484
18.736	500
18.786	515
18.836	529
18.886	541
18.936	550
18.988	556
19.038	558
19.088	556
19.138	550
19.188	541
19.239	530
19.289	515
19.339	500
19.389	484
19.439	468
19.489	455
19.540	442
19.590	432
19.640	426
19.690	423
19.740	423
19.790	429
19.841	437
19.892	448
19.942	461
19.992	476
20.042	492
20.093	507
20.143	521
20.193	533
20.243	543
20.293	551
20.343	554
20.394	554
20.444	551
20.494	544
20.544	534
20.594	521
20.644	507
20.695	492
20.745	477
20.796	463
20.846	450
20.896	439
20.947	431
20.997	427
21.047	426
21.097	429
21.147	435
21.197	444
21.248	457
21.298	470
21.348	484
21.398	499
21.448	513
21.498	526
21.549	537
21.599	545
21.650	551
21.700	553
21.750	550
21.801	546
21.851	537
21.901	526
21.951	513
22.001	499
22.051	484
22.102	470
22.152	457
22.202	446
22.252	436
22.302	430
22.352	428
22.403	429
22.453	433
22.503	441
22.554	451
22.604	464
22.655	478
22.705	492
22.755	506
22.805	519
22.855	531
22.905	540
22.956	547
23.006	551
23.056	551
23.106	547
23.156	540
23.207	531
23.257	520
23.307	506
23.357	492
23.407	478
23.458	464
23.509	452
23.559	442
23.609	435
23.659	430
23.709	429
23.759	432
23.810	438
23.860	447
23.910	459
23.960	471
24.010	484
24.061	499
24.111	512
24.161	525
24.211	534
24.261	542
24.311	548
24.363	550
24.413	548
24.463	543
24.513	535
24.563	525
24.613	513
24.664	499
24.714	486
24.764	472
24.814	459
24.864	448
24.915	439
24.965	433
25.015	431
25.065	432
25.115	436
25.165	443
25.216	453
25.267	465
25.317	478
25.367	491
25.417	505
25.468	517
25.518	528
25.568	537
25.618	544
25.668	548
25.718	549
25.769	545
25.819	539
25.869	530
25.919	519
25.969	507
26.019	493
26.070	480
26.120	467
26.171	455
26.221	445
26.271	438
26.322	434
26.372	433
26.422	435
26.472	441
26.522	449
26.572	459
26.623	471
26.673	484
26.723	497
26.773	510
26.823	521
26.873	531
26.924	539
26.974	544
