4 79
516 81
1032 81
1544 81
2064 79
2576 79
3096 81
3608 81
4128 79
4640 79
5156 79
5668 79
6188 81
6700 79
7220 79
7732 79
8252 79
8764 81
9280 79
9792 79
10312 81
10824 79
11344 81
11856 79
12376 79
12888 79
13404 79
13916 81
14436 79
14948 79
15468 81
15980 79
16500 81
17012 79
17528 79
18040 81
18560 81
19072 79
19592 81
20104 81
20624 79
21136 79
21652 79
22164 79
22684 79
23196 81
23716 79
24228 79
24748 81
25260 79
25776 79
26288 81
26808 81
27320 81
27840 81
28352 81
28872 81
29384 79
29900 79
30412 81
30932 79
31444 81
31964 81
32476 79
32996 79
33508 81
34024 79
34536 81
35056 79
35568 81
36088 79
36600 81
37120 79
37632 79
38148 79
38660 79
39180 81
39692 79
40212 79
40724 79
41244 79
41756 79
42272 81
42784 79
43304 79
43816 79
44336 81
44848 79
45368 79
45880 79
46396 79
46908 81
47428 81
47940 79
48460 79
48972 79
49492 79
50004 79
50520 79
51032 79
51552 81
52064 79
52584 81
53096 81
53616 81
54128 81
54644 79
55156 79
55676 79
56188 81
56708 79
57220 79
57740 79
58252 79
58768 79
59288 79
59800 81
60320 79
60832 79
61348 79
61864 81
62380 79
62892 79
63412 81
63924 79
64444 79
64956 81
65472 79
65988 79
66504 79
67016 81
67536 79
68048 81
68568 81
69080 81
69596 79
70112 79
70628 79
71140 79
71660 81
72172 79
72692 81
73204 79
73720 81
74236 79
74752 81
75264 79
75784 79
76296 79
76816 79
77328 81
77844 81
78360 81
78876 79
79388 79
79908 79
80420 81
80940 81
81452 79
81968 79
82484 81
83000 81
83512 81
84032 81
84544 79
85064 79
85576 79
86092 79
86608 81
87124 79
87636 79
88156 79
88668 79
89188 81
89700 81
90216 79
90732 79
91248 79
91760 79
92280 79
92792 79
93312 79
93824 79
94340 79
94856 81
95372 79
95884 79
96404 81
96916 81
97436 81
97948 79
98464 79
98980 79
99496 81
100008 81
100528 81
101040 79
101560 79
102072 81
102588 81
103104 79
103620 81
104132 81
104652 81
105164 79
105684 81
106196 79
106712 79
107228 79
107744 79
108256 79
108776 81
109288 79
109808 79
110320 79
110836 81
111352 81
111868 81
112380 79
112900 81
113412 81
113932 79
114444 81
114960 79
115472 79
115992 79
116504 79
117024 81
117536 79
118056 79
118568 81
119084 79
119596 81
120116 81
120628 79
121148 79
121660 79
122180 81
122692 79
123208 79
123720 79
124240 79
124752 79
125272 81
125784 79
126304 79
126816 79
127332 81
127844 81
128364 79
128876 79
129396 79
129908 79
130428 81
130940 81
131456 79
