412 295
828 255
1240 207
1660 143
2072 71
2488 7
2900 7
3312 24
3732 49
4144 96
4564 142
4976 192
5388 240
5808 280
6220 304
6636 319
7048 319
7460 304
7880 271
8292 224
8712 159
9124 94
9536 24
9956 7
10368 17
10784 39
11200 79
11612 127
12028 177
12440 225
12860 255
13272 302
13684 319
14104 319
14516 312
14936 284
15348 238
15760 177
16176 112
16588 39
17008 3
17420 15
17840 35
18252 67
18664 115
19084 167
19496 216
19912 255
20328 291
20740 318
21156 319
21568 316
21988 287
22400 248
22812 193
23232 127
23644 60
24064 3
24476 7
24888 28
25304 60
25716 103
26136 152
26548 199
26960 248
27380 286
27792 312
28212 319
28624 319
29036 295
29452 255
29868 207
30284 143
30696 71
31108 7
31528 7
31940 24
32360 51
32772 94
33184 142
33604 192
34016 240
34432 280
34844 305
35264 319
35676 319
36088 305
36508 271
36920 224
37340 159
37752 96
38164 24
38580 7
38996 15
39412 39
39824 79
40236 127
40656 177
41068 225
41488 255
41900 300
42312 319
42732 319
43144 312
43560 284
43972 240
44384 177
44804 112
45216 39
45636 7
46048 15
46460 31
46880 67
47292 115
47708 167
48124 216
48536 255
48952 287
49364 316
49784 319
50196 316
50616 287
51028 248
51440 192
51860 127
52272 60
52688 7
53100 7
53512 30
53932 60
54344 103
54764 156
55176 199
55588 248
56008 287
56420 312
56836 319
57252 319
57664 295
58080 255
58492 207
58912 143
59324 78
59736 7
60156 7
60568 24
60988 49
61400 92
61812 135
62228 192
62640 240
63060 280
63472 304
63884 319
64304 319
64716 304
65136 271
65548 224
65964 159
66380 96
66792 24
67208 7
67620 17
68040 39
68452 79
68864 127
69284 177
69696 225
70116 255
70528 295
70940 319
71356 319
71768 312
72188 280
72600 238
73012 177
73432 112
73844 39
74264 7
74676 15
75088 31
75504 67
75920 113
76336 163
76748 216
77160 255
77580 291
77992 316
78412 319
78824 316
79236 287
79656 252
80068 193
80484 127
80896 60
81308 7
81728 7
82140 28
82560 60
82972 103
83392 152
83804 199
84216 248
84632 286
85048 312
85464 319
85876 319
86288 295
86708 255
87120 207
87540 143
87952 76
88364 7
88784 7
89196 24
89612 49
90024 92
90436 135
90856 192
91268 240
91688 280
92100 305
92512 319
92932 319
93344 304
93760 271
94176 224
94588 159
95004 96
95416 28
95836 7
96248 15
96660 39
97080 79
97492 127
97912 177
98324 225
98740 255
99152 300
99564 319
99984 319
100396 312
100816 284
101228 240
101640 177
102060 112
102472 39
102888 3
103304 15
103716 33
104132 67
104544 115
104964 163
105376 216
105788 255
106208 287
106624 319
107036 319
107456 312
107868 280
108284 227
108696 167
109112 99
109528 31
109940 7
110360 15
110772 39
111184 71
111604 124
112016 176
112432 224
112848 255
113260 295
113676 319
114088 319
114508 316
114920 287
115332 241
115752 184
116164 120
116584 48
116996 3
117408 14
117824 31
118240 63
118656 112
119068 159
119488 211
119900 255
120312 287
120732 316
121144 319
121560 318
121976 291
122388 254
122804 195
123216 127
123636 63
124048 7
124460 7
124880 28
125292 60
125712 99
126124 152
126536 199
126952 248
127368 286
127784 312
128196 319
128608 319
129028 304
129440 255
129860 216
130272 152
130684 79
131104 14
131516 7
131932 24
132344 48
132756 88
133176 135
133588 192
134008 238
134420 280
134840 305
135252 319
135664 319
136080 307
136496 271
136912 224
137324 163
137736 96
138156 24
138568 7
138988 15
139400 39
139812 79
140232 127
140644 176
141060 225
141472 255
141884 300
142304 319
142716 319
143136 312
143548 284
143960 240
144380 177
144792 112
145208 39
145620 3
146036 15
146452 35
146864 71
147284 120
147696 167
148108 216
148528 255
148940 295
149356 318
149772 319
150184 318
150600 287
151012 252
151432 193
151844 127
152264 57
152676 3
153088 7
153508 30
153920 62
154336 103
154748 156
155164 199
155580 252
155992 287
156412 312
156824 319
157236 319
157656 295
158068 255
158484 207
158900 143
159312 71
159728 7
160140 7
160560 24
160972 51
161384 96
161804 143
162216 192
162636 240
163048 280
163460 305
163876 319
164292 319
164708 304
165120 255
165532 224
165952 159
166364 88
166784 17
167196 7
167612 17
168028 46
168440 83
168856 127
169268 184
169688 231
170100 271
170512 304
170932 319
171344 319
171764 312
172176 280
172588 231
173004 176
173420 103
173836 35
174248 3
174660 15
175080 35
175492 71
175912 120
176324 167
176736 220
177156 255
177568 295
177984 319
178396 319
178808 316
179228 287
179640 248
180060 192
180472 120
180884 49
181304 3
181716 14
182132 31
182548 63
182964 112
183376 159
183788 207
184208 255
184620 287
185040 316
185452 319
185864 319
186284 295
186696 255
187112 199
187524 135
187936 63
188356 7
188768 7
189188 28
189600 56
190012 97
190432 152
190844 195
191260 248
191672 284
192088 312
192504 319
192916 319
193336 304
193748 255
194160 216
194580 152
194992 81
195408 15
195824 7
196236 24
196652 48
197064 88
197484 135
197896 192
198308 231
198728 275
199140 304
199560 319
199972 319
200388 312
200800 271
201216 227
201632 163
202044 96
202464 28
202876 7
203288 15
203708 39
204120 79
204536 127
204952 176
205364 224
205780 255
206192 300
206612 319
207024 319
207436 312
207856 284
208268 240
208688 184
209100 113
209512 39
209928 3
210344 14
210760 31
211172 63
211584 113
212004 163
212416 216
212828 255
213248 295
213660 318
214080 319
214492 316
214904 287
215324 248
215736 192
216152 126
216564 56
216984 3
217396 12
217808 30
218228 63
218640 103
219060 158
219472 207
219884 252
220300 287
220716 316
221132 319
221544 319
221956 295
222376 255
222788 206
223208 142
223620 71
224032 7
224452 7
224864 24
225280 56
225692 96
226108 143
226524 193
226936 241
227356 280
227768 312
228180 319
228600 319
229012 304
229428 255
229844 216
230256 156
230672 88
231084 15
231504 7
231916 19
232328 48
232748 88
233160 127
233580 184
233992 231
234408 271
234820 304
235236 319
235652 319
236064 312
236484 280
236896 231
237308 167
237728 103
238140 31
238556 7
238972 15
239384 39
239800 71
240212 120
240632 176
241044 224
241456 255
241876 295
242288 319
242708 319
243120 316
243532 287
243948 241
244364 188
244780 120
245192 48
245604 3
246024 14
246436 31
246856 63
247268 112
247680 159
248100 207
248512 255
248928 287
249340 316
249760 319
250172 318
250584 291
251004 254
251416 199
251836 127
252248 63
252660 7
253076 7
253488 28
253908 60
254320 99
254732 152
255152 199
255564 248
255984 286
256396 312
256808 319
257224 319
257640 304
258056 255
258468 216
258880 152
259300 79
259712 14
260132 7
260544 24
260956 48
261376 92
261788 135
262204 192
262616 238
263032 280
263448 305
263860 319
264280 319
264692 307
265112 271
265524 224
265936 163
266352 96
266768 24
267184 7
267596 15
268008 39
268428 79
268840 127
269260 177
269672 225
270084 255
270504 300
270916 319
271332 319
271744 312
272160 284
272576 238
272988 177
273408 112
273820 39
274232 3
274652 15
275064 31
275480 71
275896 120
276308 167
276724 216
277136 255
277556 295
277968 318
278380 319
278800 318
279212 287
279632 248
280044 192
280456 127
280872 60
281284 3
281704 7
282116 30
282532 62
282944 103
283356 156
283776 206
284188 252
284608 287
285020 312
285432 319
285852 319
286264 295
286680 255
287096 207
287508 143
287924 71
288336 7
288756 7
289168 24
289580 56
290000 96
290412 143
290832 193
291244 240
291656 280
292072 312
292484 319
292904 319
293316 304
293728 255
294148 220
294560 159
294980 88
295392 19
295804 7
296220 17
296636 46
297052 83
297464 127
297884 184
298296 231
298708 271
299128 304
299540 319
299956 319
300372 312
300784 280
301200 231
301612 176
302032 103
302444 35
302856 3
303276 15
303688 35
304108 71
304520 120
304932 167
305348 220
305764 255
306180 295
306592 318
307004 319
307424 316
307836 287
308256 248
308668 192
309080 121
309500 49
309912 3
310328 14
310740 31
311152 63
311572 112
311984 159
312404 207
312816 255
313228 287
313648 316
314060 319
314476 319
314892 295
315308 255
315720 199
316132 135
316552 63
316964 7
317384 7
317796 24
318208 56
318628 97
319048 159
319460 207
319872 255
320288 287
320704 316
321120 319
321532 319
321952 295
322364 255
322776 199
323196 135
323608 63
324024 7
324440 7
324852 24
325268 56
325680 96
326100 143
326512 195
326924 241
327344 284
327756 312
328176 319
328588 319
329000 304
329416 255
329832 216
330248 152
330660 81
331072 15
331492 7
331904 19
332324 48
332736 88
333148 127
333564 192
333980 231
334396 271
334808 304
335220 319
335640 319
336052 312
336472 275
336884 227
337304 167
337716 97
338128 30
338544 7
338956 15
339376 39
339788 79
340200 126
340620 176
341032 224
341452 255
341864 300
342276 319
342692 319
343108 316
343524 286
343936 240
344348 184
344768 115
345180 46
345600 3
346012 15
346424 31
346844 63
347256 112
347672 163
348084 216
348500 255
348916 287
349328 316
349748 319
350160 318
350572 287
350992 252
351404 193
351820 127
352236 60
352652 3
353064 7
353476 28
353896 60
354308 103
354728 156
355140 199
355552 248
355972 287
356384 312
356800 319
357212 319
357628 295
358044 255
358456 207
358876 143
359288 71
359700 7
360120 7
360532 24
360948 49
361364 96
361776 142
362192 192
362604 240
363024 280
363436 312
363848 319
364268 319
364680 305
365100 271
365512 224
365924 159
366340 92
366756 24
367172 7
367584 17
367996 39
368416 81
368828 127
369248 184
369660 227
370076 271
370492 304
370904 319
371320 319
371732 312
372152 280
372564 231
372976 176
373396 103
373808 31
374228 7
374640 15
375052 35
375468 71
375880 120
376300 167
376712 224
377124 255
377544 295
377956 319
378376 319
378788 316
379200 287
379616 248
380032 192
380448 124
380860 51
381272 3
381692 14
382104 31
382524 63
382936 110
383348 159
383768 207
384180 255
384596 287
385008 316
385428 319
385840 319
386252 295
386672 255
387084 199
387504 135
387916 63
388328 7
388744 7
389160 25
389576 56
389988 97
390400 147
390820 199
391232 248
391652 284
392064 312
392476 319
392896 319
393308 304
393724 255
394136 216
394552 152
394968 79
395380 15
395800 7
396212 24
396624 48
397044 88
397456 135
397872 192
398288 231
398700 275
399116 304
399528 319
399948 319
400360 312
400780 275
401192 227
401604 167
402024 97
402436 30
402852 7
403264 15
403680 39
404096 79
404508 126
404928 176
405340 224
405752 255
406172 300
406584 319
407000 319
407416 312
407828 284
408244 240
408656 184
409076 112
409488 39
409900 3
410320 15
410732 31
411152 67
411564 115
411976 163
412392 216
412808 255
413224 291
413636 318
414048 319
414468 316
414880 287
415300 248
415712 192
416124 127
416540 60
416952 3
417372 7
417784 30
418200 62
418612 103
419028 156
419444 206
419856 252
420276 287
420688 312
421100 319
421520 319
421932 295
422348 255
422764 207
423176 143
423592 71
424004 7
424424 7
424836 24
425256 56
425668 96
426080 143
426500 195
426912 241
427332 284
427744 312
428156 319
428572 319
428984 304
429404 255
429816 216
430236 152
430648 83
431060 15
431480 7
431892 24
432308 48
432724 88
433136 127
433552 192
433964 231
434384 271
434796 304
435208 319
435628 319
436040 312
436456 280
436872 227
437284 167
437700 99
438112 31
438532 3
438944 15
439356 39
439776 78
440188 124
440608 176
441020 224
441432 255
441848 295
442264 319
442680 319
443092 316
443504 286
443924 240
444336 184
444756 113
445168 46
445580 3
446000 14
446412 31
446828 63
447240 112
447660 163
448072 216
448484 255
448904 291
449316 316
449736 319
450148 318
450560 287
450976 252
451392 193
451808 127
452220 60
452632 3
453052 7
453464 28
453884 62
454296 103
454708 152
455128 206
455540 252
455956 287
456368 312
456780 319
457200 319
457612 302
458032 255
458444 207
458856 143
459276 71
459688 7
460104 7
460520 24
460932 49
461348 92
461760 142
462180 192
462592 240
463012 280
463424 305
463836 319
464256 319
464668 304
465084 255
465496 220
465908 158
466328 88
466740 17
467160 7
467572 19
467984 46
468404 88
468816 127
469232 184
469648 231
470060 271
470476 304
470888 319
471308 319
471720 312
472132 280
472552 231
472964 172
473384 103
473796 31
474208 7
474624 15
475036 39
475456 71
475868 124
476280 176
476700 224
477112 255
477532 295
477944 319
478360 319
478772 316
479188 287
479604 243
480016 192
480436 120
480848 48
481260 3
481680 14
482092 31
482508 63
482924 112
483336 159
483752 211
484164 255
484584 287
484996 316
485408 319
485828 318
486240 291
486660 254
487072 199
487484 127
487900 63
488316 7
488732 7
489144 28
489556 60
489976 99
490388 152
490808 199
491220 248
491632 286
492052 312
492464 319
492880 319
493292 302
493704 255
494124 211
494536 152
494956 79
495368 14
495788 7
496200 24
496612 48
497028 92
497444 135
497860 192
498272 240
498684 280
499104 312
499516 319
499936 319
500348 307
500760 271
501180 224
501592 163
502008 96
502420 24
502832 7
503252 15
503664 39
504084 79
504496 127
504908 177
505328 225
505740 255
506156 304
506572 319
506984 319
507400 312
507812 284
508232 231
508644 176
509056 112
509476 39
509888 7
510308 15
510720 35
511136 71
511548 120
511960 167
512380 220
512792 255
513212 295
513624 318
514036 319
514456 316
514868 287
515284 248
515700 192
516112 127
516528 56
516940 7
517360 12
517772 30
518184 63
518604 103
519016 158
519436 207
519848 252
520260 287
520676 316
521088 319
521508 319
521920 295
522332 255
522752 206
523164 143
523584 71
523996 7
524408 7
524824 24
525240 56
525656 96
526068 143
526488 195
526900 241
527312 280
527732 312
528144 319
528560 319
528976 304
529388 255
529804 216
530216 156
530636 88
531048 15
531464 7
531884 24
532296 56
532716 96
533128 143
533540 193
533956 240
534372 280
534788 312
535200 319
535612 319
536032 304
536444 255
536864 220
537276 158
537688 88
538108 15
538520 7
538936 19
539348 48
539764 88
540180 127
540592 184
541012 231
541424 271
541836 304
542256 319
542668 319
543084 312
543500 280
543916 231
544328 172
544740 103
545160 31
545572 7
545992 15
546404 39
546816 71
547236 124
547648 174
548064 224
548476 255
548892 295
549308 319
549720 319
550140 316
550552 287
550964 241
551384 184
551796 120
552212 48
552628 3
553040 14
553456 31
553868 63
554288 112
554700 159
555112 211
555532 255
555944 287
556364 316
556776 319
557188 319
557604 291
558020 254
558436 195
558848 127
559268 63
559680 7
560092 7
560512 28
560924 56
561340 99
561756 152
562168 199
562584 248
562996 286
563416 312
563828 319
564240 319
564660 304
565072 255
565492 211
565904 152
566316 79
566732 7
567144 7
567564 24
567976 49
568388 92
568808 135
569220 192
569640 240
570052 280
570464 305
570880 319
571296 319
571712 305
572124 271
572536 224
572956 159
573368 96
573788 24
574200 7
574620 17
575032 39
575444 79
575860 127
576272 184
576692 227
577104 271
577516 304
577936 319
578348 319
578768 312
579180 280
579592 231
580008 176
580424 103
580840 35
581252 7
581664 15
582084 35
582496 71
582916 120
583328 167
583740 220
584160 255
584572 295
584988 319
585400 319
585816 318
586232 287
586644 248
587064 192
587476 124
587888 56
588308 3
588720 12
589136 31
589552 63
589964 108
590380 159
590792 207
591212 255
591624 287
592044 316
592456 319
592868 319
593288 295
593700 255
594116 199
594528 135
594944 63
595360 7
595772 7
596192 28
596604 56
597016 97
597436 152
597848 199
598264 248
598680 284
599092 312
599508 319
599920 319
600340 304
600752 255
601164 216
601584 152
601996 81
602416 15
602828 7
603240 24
603656 48
604068 88
604488 135
604900 192
605312 231
605732 275
606144 305
606564 319
606976 319
607392 312
607808 275
608220 227
608636 167
609048 97
609468 28
609880 7
610292 15
610712 39
611124 79
611544 127
611956 176
612368 224
612784 255
613196 295
613616 319
614028 319
614440 312
614860 284
615272 240
615692 179
616104 112
616516 39
616932 3
617348 15
617764 31
618176 71
618588 113
619008 167
619420 216
619840 255
620252 295
620664 318
621084 319
621496 319
621912 287
622324 252
622744 193
623156 127
623568 60
623988 3
624400 7
624820 30
625232 62
625644 103
626060 156
626476 207
626892 252
627304 287
627716 312
628136 319
628548 319
628968 295
629380 255
629792 207
630212 143
630624 71
631040 7
631452 7
631868 24
632284 56
632696 96
633116 143
633528 193
633940 240
634360 280
634772 312
635188 319
635604 319
636016 304
636432 255
636844 220
637264 156
637680 103
638096 31
638512 7
638924 15
639336 39
639756 71
640168 124
640588 176
641000 224
641412 255
641832 295
642244 319
642660 319
643072 316
643484 287
643904 243
644316 188
644736 120
645148 48
645560 3
645980 14
646392 31
646808 63
647224 112
647640 159
648052 211
648464 255
648884 287
649296 316
649716 319
650128 319
650540 295
650960 255
651372 199
651788 127
652200 63
652612 7
653032 7
653444 28
653864 60
654276 99
654688 152
655108 199
655520 248
655936 286
656352 312
656764 319
657180 319
657592 295
658012 255
658424 207
658836 145
659256 76
659668 7
660088 7
660500 24
660912 49
661328 92
661740 142
662160 192
662572 240
662984 280
663404 312
663816 319
664236 319
664648 305
665064 271
665476 224
665892 159
666308 92
666720 24
667140 7
667552 17
667964 39
668384 81
668796 127
669212 184
669628 227
670040 271
670456 304
670868 319
671288 319
671700 312
672112 280
672532 231
672944 176
673364 103
673776 31
674188 7
674604 15
675020 35
675436 71
675848 120
676260 167
676680 224
677092 255
677512 295
677924 319
678336 319
678756 316
679168 287
679584 243
679996 192
680416 120
680828 48
681240 3
681660 12
682072 31
682492 63
682904 112
683316 159
683732 209
684148 255
684564 287
684976 316
685388 319
685808 319
686220 295
686640 255
687052 199
687464 127
687884 63
688296 7
688712 7
689124 28
689536 56
689956 99
690368 152
690788 199
691200 248
691612 286
692032 312
692444 319
692860 319
693276 304
693688 255
694104 209
694516 147
694936 78
695348 7
695768 7
696180 24
696592 49
697012 92
697424 135
697840 192
698252 240
698664 280
699084 307
699496 319
699916 319
700328 305
700740 271
701160 224
701572 159
701988 92
702404 24
702816 7
703232 17
703644 39
704064 79
704476 127
704888 184
705308 227
705720 271
706140 304
706552 319
706964 319
707380 312
707792 284
708212 231
708624 176
709036 108
709456 35
709868 7
710288 15
710700 35
711112 71
711528 120
711940 167
712360 224
712772 255
713188 295
713600 319
714012 319
714432 316
714844 287
715264 248
715676 192
716088 124
716508 48
716920 3
717336 14
717752 31
718164 63
718580 112
718992 159
719412 207
719824 255
720236 287
720656 316
721068 319
721488 319
721900 295
722312 255
722728 199
723140 135
723560 63
723972 7
724384 7
724804 28
725216 56
725636 99
726048 152
726460 199
726876 248
727292 286
727708 312
728120 319
728540 319
728952 304
729364 255
729784 216
730196 152
730616 79
731028 7
731440 7
731856 24
732268 48
732688 92
733100 135
733512 192
733932 240
734344 280
734764 305
735176 319
735588 319
736004 305
736420 271
736836 224
737248 159
737660 96
738080 24
738492 7
738912 17
739324 39
739736 79
740156 127
740568 179
740984 227
741396 255
741812 304
742228 319
742640 319
743060 312
743472 284
743892 227
744304 167
744720 96
745132 28
745552 7
745964 15
746376 39
746796 79
747208 127
747628 176
748040 224
748452 255
748868 304
749284 319
749700 319
750112 312
750524 286
750944 240
751356 179
751776 112
752188 39
752600 3
753016 15
753432 31
753848 71
754260 115
754672 167
755092 216
755504 255
755924 295
756336 318
756748 319
757168 318
757580 287
757996 248
758408 192
758824 127
759240 56
759652 3
760072 7
760484 30
760896 62
761312 103
761724 156
762144 207
762556 252
762972 287
763384 316
763796 319
764216 319
764628 295
765048 255
765460 207
765872 143
766292 71
766704 7
767120 7
767536 24
767948 56
768364 96
768776 143
769196 195
769608 241
770020 284
770440 312
770852 319
771272 319
771684 304
772096 255
772512 220
772924 156
773344 88
773756 15
774168 7
774588 19
775000 48
775420 88
775832 127
776244 184
776660 231
777076 271
777492 304
777904 319
778324 319
778736 312
779148 280
779568 227
779980 167
780400 99
780812 30
781224 7
781640 15
782052 39
782472 78
782884 124
783296 176
783716 224
784128 255
784548 295
784960 319
785372 319
785788 316
786204 287
786620 240
787032 184
787444 120
787864 48
788276 3
788696 15
789108 31
789520 63
789940 112
790352 159
790768 216
791180 255
791596 287
792012 318
792424 319
792844 318
793256 291
793668 252
794088 195
794500 127
794916 60
795332 3
795748 7
796160 28
796572 60
796992 103
797404 152
797824 199
798236 252
798648 287
799068 312
799480 319
799896 319
800308 295
800720 255
801140 207
801552 143
801972 71
802384 7
802796 7
803216 24
803628 51
804044 96
804460 143
804872 192
805288 240
805700 280
806120 312
806532 319
806944 319
807364 305
807776 271
808196 224
808608 159
809020 92
809436 19
809848 7
810268 19
810680 44
811100 83
811512 127
811924 184
812344 231
812756 271
813172 304
813588 319
814000 319
814416 312
814828 280
815248 231
815660 167
816072 103
816492 31
816904 7
817324 15
817736 39
818148 71
818564 124
818976 174
819396 224
819808 255
820220 295
820640 319
821052 319
821472 316
821884 287
822296 243
822712 184
823128 120
823544 48
823956 3
824368 14
824788 31
825200 63
825620 112
826032 159
826452 211
826864 255
827276 287
827692 318
828104 319
828524 319
828936 295
829348 255
829768 199
830180 127
830600 63
831012 7
831424 7
831840 28
832256 56
832672 99
833084 152
833496 199
833916 248
834328 286
834748 312
835160 319
835572 319
835992 302
836404 255
836820 207
837232 147
837644 79
838064 7
838476 7
838896 24
839308 49
839720 92
840140 142
840552 192
840968 240
841384 280
841796 307
842212 319
842624 319
843044 305
843456 271
843876 224
844288 159
844700 96
845120 24
845532 7
845948 17
846360 39
846772 79
847192 127
847604 177
848024 227
848436 271
848848 304
849268 319
849680 319
